0.00115048
-0.00136404
0.00121482
-0.00141102
0.00122876
-0.00133295
0.00123394
-0.0012964
0.00117066
-0.00132217
0.00122093
-0.00134991
0.00132999
-0.00137711
0.00136984
-0.0014749
0.00136984
-0.00137711
0.00132999
-0.00134991
0.00122093
-0.00132217
0.00117066
-0.0012964
0.00123394
-0.00133295
0.00122876
-0.00141102
0.00121482
-0.00136404
0.00115048
-0.00136404
0.00125674
-0.00111614
0.00116086
-0.00105604
0.00103656
-0.00100658
0.00102011
-0.000980586
0.00109418
-0.00103101
0.00117486
-0.00119798
0.0011381
-0.00135968
0.00115705
-0.00135968
0.0011381
-0.00119798
0.00117486
-0.00103101
0.00109418
-0.000980586
0.00102011
-0.00100658
0.00103656
-0.00105604
0.00116086
-0.00111614
0.00125674
-0.00136404
0.00121482
-0.00111614
0.00105516
-0.00107851
0.00111549
-0.0010242
0.00109122
-0.00107981
0.00108827
-0.001126
0.00103843
-0.00107445
0.000999073
-0.000804002
0.00105929
-0.000684865
0.00105929
-0.000804002
0.000999073
-0.00107445
0.00103843
-0.001126
0.00108827
-0.00107981
0.00109122
-0.0010242
0.00111549
-0.00107851
0.00105516
-0.00111614
0.00121482
-0.00141102
0.00116086
-0.00107851
0.00101008
-0.00101133
0.000869271
-0.000891815
0.000849067
-0.0008883
0.000920993
-0.000878677
0.00108661
-0.00112393
0.000990728
-0.00151038
0.000925272
-0.00151038
0.000990728
-0.00112393
0.00108661
-0.000878677
0.000920993
-0.0008883
0.000849067
-0.000891815
0.000869271
-0.00101133
0.00101008
-0.00107851
0.00116086
-0.00141102
0.00122876
-0.00105604
0.00111549
-0.00101133
0.00117664
-0.0010045
0.00110042
-0.00107744
0.00116961
-0.00115084
0.00108538
-0.00115731
0.00105939
-0.000796692
0.00122789
-0.000572568
0.00122789
-0.000796692
0.00105939
-0.00115731
0.00108538
-0.00115084
0.00116961
-0.00107744
0.00110042
-0.0010045
0.00117664
-0.00101133
0.00111549
-0.00105604
0.00122876
-0.00133295
0.00103656
-0.0010242
0.000869271
-0.0010045
0.000791904
-0.000870966
0.000798004
-0.000896651
0.000829993
-0.000827883
0.000976241
-0.000980892
0.000791329
-0.00134894
0.000647852
-0.00134894
0.000791329
-0.000980892
0.000976241
-0.000827883
0.000829993
-0.000896651
0.000798004
-0.000870966
0.000791904
-0.0010045
0.000869271
-0.0010242
0.00103656
-0.00133295
0.00123394
-0.00100658
0.00109122
-0.000891815
0.00110042
-0.000870966
0.000950262
-0.000903519
0.00103691
-0.000966558
0.000926182
-0.00101232
0.000892629
-0.000650389
0.00109503
-0.000411457
0.00109503
-0.000650389
0.000892629
-0.00101232
0.000926182
-0.000966558
0.00103691
-0.000903519
0.000950262
-0.000870966
0.00110042
-0.000891815
0.00109122
-0.00100658
0.00123394
-0.0012964
0.00102011
-0.00107981
0.000849067
-0.00107744
0.000798004
-0.000903519
0.000780782
-0.000941804
0.000812718
-0.000846314
0.000959614
-0.000966628
0.000772874
-0.00132532
0.000632495
-0.00132532
0.000772874
-0.000966628
0.000959614
-0.000846314
0.000812718
-0.000941804
0.000780782
-0.000903519
0.000798004
-0.00107744
0.000849067
-0.00107981
0.00102011
-0.0012964
0.00117066
-0.000980586
0.00108827
-0.0008883
0.00116961
-0.000896651
0.00103691
-0.000941804
0.00112998
-0.00101091
0.000990881
-0.00104969
0.000915436
-0.000691598
0.00107184
-0.000481076
0.00107184
-0.000691598
0.000915436
-0.00104969
0.000990881
-0.00101091
0.00112998
-0.000941804
0.00103691
-0.000896651
0.00116961
-0.0008883
0.00108827
-0.000980586
0.00117066
-0.00132217
0.00109418
-0.001126
0.000920993
-0.00115084
0.000829993
-0.000966558
0.000812718
-0.00101091
0.000877046
-0.00093573
0.00103733
-0.00106723
0.000879507
-0.00138238
0.000779213
-0.00138238
0.000879507
-0.00106723
0.00103733
-0.00093573
0.000877046
-0.00101091
0.000812718
-0.000966558
0.000829993
-0.00115084
0.000920993
-0.001126
0.00109418
-0.00132217
0.00122093
-0.00103101
0.00103843
-0.000878677
0.00108538
-0.000827883
0.000926182
-0.000846314
0.000990881
-0.00093573
0.00087253
-0.00100764
0.000869629
-0.000739282
0.00103544
-0.000618013
0.00103544
-0.000739282
0.000869629
-0.00100764
0.00087253
-0.00093573
0.000990881
-0.000846314
0.000926182
-0.000827883
0.00108538
-0.000878677
0.00103843
-0.00103101
0.00122093
-0.00134991
0.00117486
-0.00107445
0.00108661
-0.00115731
0.000976241
-0.00101232
0.000959614
-0.00104969
0.00103733
-0.00100764
0.00116146
-0.00114905
0.000943265
-0.00144123
0.000860205
-0.00144123
0.000943265
-0.00114905
0.00116146
-0.00100764
0.00103733
-0.00104969
0.000959614
-0.00101232
0.000976241
-0.00115731
0.00108661
-0.00107445
0.00117486
-0.00134991
0.00132999
-0.00119798
0.000999073
-0.00112393
0.00105939
-0.000980892
0.000892629
-0.000966628
0.000915436
-0.00106723
0.000869629
-0.00114905
0.000901256
-0.00101145
0.00097316
-0.00110865
0.00097316
-0.00101145
0.000901256
-0.00114905
0.000869629
-0.00106723
0.000915436
-0.000966628
0.000892629
-0.000980892
0.00105939
-0.00112393
0.000999073
-0.00119798
0.00132999
-0.00137711
0.0011381
-0.000804002
0.000990728
-0.000796692
0.000791329
-0.000650389
0.000772874
-0.000691598
0.000879507
-0.000739282
0.000943265
-0.00101145
0.000595248
-0.00165927
-0.000101897
-0.00165927
0.000595248
-0.00101145
0.000943265
-0.000739282
0.000879507
-0.000691598
0.000772874
-0.000650389
0.000791329
-0.000796692
0.000990728
-0.000804002
0.0011381
-0.00137711
0.00136984
-0.00135968
0.00105929
-0.00151038
0.00122789
-0.00134894
0.00109503
-0.00132532
0.00107184
-0.00138238
0.00103544
-0.00144123
0.00097316
-0.00165927
-0.000188563
-0.00520483
-0.000188563
-0.00165927
0.00097316
-0.00144123
0.00103544
-0.00138238
0.00107184
-0.00132532
0.00109503
-0.00134894
0.00122789
-0.00151038
0.00105929
-0.00135968
0.00136984
-0.0014749
0.00115705
-0.000684865
0.000925272
-0.000572568
0.000647852
-0.000411457
0.000632495
-0.000481076
0.000779213
-0.000618013
0.000860205
-0.00110865
-0.000101897
-0.00520483
-0.0211686
-0.00520483
-0.000101897
-0.00110865
0.000860205
-0.000618013
0.000779213
-0.000481076
0.000632495
-0.000411457
0.000647852
-0.000572568
0.000925272
-0.000684865
0.00115705
-0.0014749
0.00136984
-0.00135968
0.00105929
-0.00151038
0.00122789
-0.00134894
0.00109503
-0.00132532
0.00107184
-0.00138238
0.00103544
-0.00144123
0.00097316
-0.00165927
-0.000188563
-0.00520483
-0.000188563
-0.00165927
0.00097316
-0.00144123
0.00103544
-0.00138238
0.00107184
-0.00132532
0.00109503
-0.00134894
0.00122789
-0.00151038
0.00105929
-0.00135968
0.00136984
-0.00137711
0.0011381
-0.000804002
0.000990728
-0.000796692
0.000791329
-0.000650389
0.000772874
-0.000691598
0.000879507
-0.000739282
0.000943265
-0.00101145
0.000595248
-0.00165927
-0.000101897
-0.00165927
0.000595248
-0.00101145
0.000943265
-0.000739282
0.000879507
-0.000691598
0.000772874
-0.000650389
0.000791329
-0.000796692
0.000990728
-0.000804002
0.0011381
-0.00137711
0.00132999
-0.00119798
0.000999073
-0.00112393
0.00105939
-0.000980892
0.000892629
-0.000966628
0.000915436
-0.00106723
0.000869629
-0.00114905
0.000901256
-0.00101145
0.00097316
-0.00110865
0.00097316
-0.00101145
0.000901256
-0.00114905
0.000869629
-0.00106723
0.000915436
-0.000966628
0.000892629
-0.000980892
0.00105939
-0.00112393
0.000999073
-0.00119798
0.00132999
-0.00134991
0.00117486
-0.00107445
0.00108661
-0.00115731
0.000976241
-0.00101232
0.000959614
-0.00104969
0.00103733
-0.00100764
0.00116146
-0.00114905
0.000943265
-0.00144123
0.000860205
-0.00144123
0.000943265
-0.00114905
0.00116146
-0.00100764
0.00103733
-0.00104969
0.000959614
-0.00101232
0.000976241
-0.00115731
0.00108661
-0.00107445
0.00117486
-0.00134991
0.00122093
-0.00103101
0.00103843
-0.000878677
0.00108538
-0.000827883
0.000926182
-0.000846314
0.000990881
-0.00093573
0.00087253
-0.00100764
0.000869629
-0.000739282
0.00103544
-0.000618013
0.00103544
-0.000739282
0.000869629
-0.00100764
0.00087253
-0.00093573
0.000990881
-0.000846314
0.000926182
-0.000827883
0.00108538
-0.000878677
0.00103843
-0.00103101
0.00122093
-0.00132217
0.00109418
-0.001126
0.000920993
-0.00115084
0.000829993
-0.000966558
0.000812718
-0.00101091
0.000877046
-0.00093573
0.00103733
-0.00106723
0.000879507
-0.00138238
0.000779213
-0.00138238
0.000879507
-0.00106723
0.00103733
-0.00093573
0.000877046
-0.00101091
0.000812718
-0.000966558
0.000829993
-0.00115084
0.000920993
-0.001126
0.00109418
-0.00132217
0.00117066
-0.000980586
0.00108827
-0.0008883
0.00116961
-0.000896651
0.00103691
-0.000941804
0.00112998
-0.00101091
0.000990881
-0.00104969
0.000915436
-0.000691598
0.00107184
-0.000481076
0.00107184
-0.000691598
0.000915436
-0.00104969
0.000990881
-0.00101091
0.00112998
-0.000941804
0.00103691
-0.000896651
0.00116961
-0.0008883
0.00108827
-0.000980586
0.00117066
-0.0012964
0.00102011
-0.00107981
0.000849067
-0.00107744
0.000798004
-0.000903519
0.000780782
-0.000941804
0.000812718
-0.000846314
0.000959614
-0.000966628
0.000772874
-0.00132532
0.000632495
-0.00132532
0.000772874
-0.000966628
0.000959614
-0.000846314
0.000812718
-0.000941804
0.000780782
-0.000903519
0.000798004
-0.00107744
0.000849067
-0.00107981
0.00102011
-0.0012964
0.00123394
-0.00100658
0.00109122
-0.000891815
0.00110042
-0.000870966
0.000950262
-0.000903519
0.00103691
-0.000966558
0.000926182
-0.00101232
0.000892629
-0.000650389
0.00109503
-0.000411457
0.00109503
-0.000650389
0.000892629
-0.00101232
0.000926182
-0.000966558
0.00103691
-0.000903519
0.000950262
-0.000870966
0.00110042
-0.000891815
0.00109122
-0.00100658
0.00123394
-0.00133295
0.00103656
-0.0010242
0.000869271
-0.0010045
0.000791904
-0.000870966
0.000798004
-0.000896651
0.000829993
-0.000827883
0.000976241
-0.000980892
0.000791329
-0.00134894
0.000647852
-0.00134894
0.000791329
-0.000980892
0.000976241
-0.000827883
0.000829993
-0.000896651
0.000798004
-0.000870966
0.000791904
-0.0010045
0.000869271
-0.0010242
0.00103656
-0.00133295
0.00122876
-0.00105604
0.00111549
-0.00101133
0.00117664
-0.0010045
0.00110042
-0.00107744
0.00116961
-0.00115084
0.00108538
-0.00115731
0.00105939
-0.000796692
0.00122789
-0.000572568
0.00122789
-0.000796692
0.00105939
-0.00115731
0.00108538
-0.00115084
0.00116961
-0.00107744
0.00110042
-0.0010045
0.00117664
-0.00101133
0.00111549
-0.00105604
0.00122876
-0.00141102
0.00116086
-0.00107851
0.00101008
-0.00101133
0.000869271
-0.000891815
0.000849067
-0.0008883
0.000920993
-0.000878677
0.00108661
-0.00112393
0.000990728
-0.00151038
0.000925272
-0.00151038
0.000990728
-0.00112393
0.00108661
-0.000878677
0.000920993
-0.0008883
0.000849067
-0.000891815
0.000869271
-0.00101133
0.00101008
-0.00107851
0.00116086
-0.00141102
0.00121482
-0.00111614
0.00105516
-0.00107851
0.00111549
-0.0010242
0.00109122
-0.00107981
0.00108827
-0.001126
0.00103843
-0.00107445
0.000999073
-0.000804002
0.00105929
-0.000684865
0.00105929
-0.000804002
0.000999073
-0.00107445
0.00103843
-0.001126
0.00108827
-0.00107981
0.00109122
-0.0010242
0.00111549
-0.00107851
0.00105516
-0.00111614
0.00121482
-0.00136404
0.00125674
-0.00111614
0.00116086
-0.00105604
0.00103656
-0.00100658
0.00102011
-0.000980586
0.00109418
-0.00103101
0.00117486
-0.00119798
0.0011381
-0.00135968
0.00115705
-0.00135968
0.0011381
-0.00119798
0.00117486
-0.00103101
0.00109418
-0.000980586
0.00102011
-0.00100658
0.00103656
-0.00105604
0.00116086
-0.00111614
0.00125674
-0.00136404
0.00115048
-0.00136404
0.00121482
-0.00141102
0.00122876
-0.00133295
0.00123394
-0.0012964
0.00117066
-0.00132217
0.00122093
-0.00134991
0.00132999
-0.00137711
0.00136984
-0.0014749
0.00136984
-0.00137711
0.00132999
-0.00134991
0.00122093
-0.00132217
0.00117066
-0.0012964
0.00123394
-0.00133295
0.00122876
-0.00141102
0.00121482
-0.00136404
0.00115048
