0.0010894
-0.00131693
0.00133813
-0.00136766
0.00127564
-0.00137346
0.00129633
-0.00119368
0.00138406
-0.00127515
0.00131236
-0.00139793
0.00133501
-0.00144157
0.00135628
-0.00148181
0.00135628
-0.00144157
0.00133501
-0.00139793
0.00131236
-0.00127515
0.00138406
-0.00119368
0.00129633
-0.00137346
0.00127564
-0.00136766
0.00133813
-0.00131693
0.0010894
-0.00131693
0.00129517
-0.00125151
0.00124019
-0.00108016
0.00127491
-0.000981046
0.0011828
-0.00108278
0.00123508
-0.0010889
0.00131067
-0.00120527
0.00130908
-0.00133259
0.00135455
-0.00133259
0.00130908
-0.00120527
0.00131067
-0.0010889
0.00123508
-0.00108278
0.0011828
-0.000981046
0.00127491
-0.00108016
0.00124019
-0.00125151
0.00129517
-0.00131693
0.00133813
-0.00125151
0.00114987
-0.00111942
0.000952562
-0.00121973
0.000735478
-0.00122756
0.000819027
-0.00124244
0.000901167
-0.00121938
0.00103431
-0.00107214
0.00113807
-0.00105507
0.00113807
-0.00107214
0.00103431
-0.00121938
0.000901167
-0.00124244
0.000819027
-0.00122756
0.000735478
-0.00121973
0.000952562
-0.00111942
0.00114987
-0.00125151
0.00133813
-0.00136766
0.00124019
-0.00111942
0.000911081
-0.000739991
0.000812886
-0.000182832
0.000812983
-0.000191305
0.000810872
-0.000462537
0.000876583
-0.000876686
0.000923485
-0.00122295
0.00102798
-0.00122295
0.000923485
-0.000876686
0.000876583
-0.000462537
0.000810872
-0.000191305
0.000812983
-0.000182832
0.000812886
-0.000739991
0.000911081
-0.00111942
0.00124019
-0.00136766
0.00127564
-0.00108016
0.000952562
-0.000739991
0.000864717
-0.00100589
0.00058292
-0.00139567
0.000696291
-0.00134379
0.000862149
-0.00105481
0.000924735
-0.000703413
0.000940532
-0.000652868
0.000940532
-0.000703413
0.000924735
-0.00105481
0.000862149
-0.00134379
0.000696291
-0.00139567
0.00058292
-0.00100589
0.000864717
-0.000739991
0.000952562
-0.00108016
0.00127564
-0.00137346
0.00127491
-0.00121973
0.000812886
-0.00100589
0.000714623
-0.000232464
0.000920081
-0.000160245
0.000873973
-0.000599586
0.00082836
-0.00106057
0.000855432
-0.00132414
0.00100667
-0.00132414
0.000855432
-0.00106057
0.00082836
-0.000599586
0.000873973
-0.000160245
0.000920081
-0.000232464
0.000714623
-0.00100589
0.000812886
-0.00121973
0.00127491
-0.00137346
0.00129633
-0.000981046
0.000735478
-0.000182832
0.00058292
-0.000232464
3.56314e-05
-0.000765853
6.24679e-05
-0.000720631
0.000428585
-0.000418302
0.000635497
-0.000256241
0.00065734
-0.000383203
0.00065734
-0.000256241
0.000635497
-0.000418302
0.000428585
-0.000720631
6.24679e-05
-0.000765853
3.56314e-05
-0.000232464
0.00058292
-0.000182832
0.000735478
-0.000981046
0.00129633
-0.00119368
0.0011828
-0.00122756
0.000812983
-0.00139567
0.000920081
-0.000765853
0.00136488
-0.000682975
0.00124194
-0.0010422
0.000923504
-0.00122705
0.000752069
-0.0011931
0.000879673
-0.0011931
0.000752069
-0.00122705
0.000923504
-0.0010422
0.00124194
-0.000682975
0.00136488
-0.000765853
0.000920081
-0.00139567
0.000812983
-0.00122756
0.0011828
-0.00119368
0.00138406
-0.00108278
0.000819027
-0.000191305
0.000696291
-0.000160245
6.24679e-05
-0.000682975
4.04722e-05
-0.000662662
0.000491426
-0.000410124
0.000778033
-0.000387345
0.000818542
-0.000616763
0.000818542
-0.000387345
0.000778033
-0.000410124
0.000491426
-0.000662662
4.04722e-05
-0.000682975
6.24679e-05
-0.000160245
0.000696291
-0.000191305
0.000819027
-0.00108278
0.00138406
-0.00127515
0.00123508
-0.00124244
0.000810872
-0.00134379
0.000873973
-0.000720631
0.00124194
-0.000662662
0.00118425
-0.0010354
0.000924109
-0.00127
0.000818019
-0.00128777
0.000979764
-0.00128777
0.000818019
-0.00127
0.000924109
-0.0010354
0.00118425
-0.000662662
0.00124194
-0.000720631
0.000873973
-0.00134379
0.000810872
-0.00124244
0.00123508
-0.00127515
0.00131236
-0.0010889
0.000901167
-0.000462537
0.000862149
-0.000599586
0.000428585
-0.0010422
0.000491426
-0.0010354
0.000746311
-0.000728192
0.000862273
-0.000562885
0.000844422
-0.000715617
0.000844422
-0.000562885
0.000862273
-0.000728192
0.000746311
-0.0010354
0.000491426
-0.0010422
0.000428585
-0.000599586
0.000862149
-0.000462537
0.000901167
-0.0010889
0.00131236
-0.00139793
0.00131067
-0.00121938
0.000876583
-0.00105481
0.00082836
-0.000418302
0.000923504
-0.000410124
0.000924109
-0.000728192
0.000852646
-0.001099
0.000844458
-0.0013726
0.00102336
-0.0013726
0.000844458
-0.001099
0.000852646
-0.000728192
0.000924109
-0.000410124
0.000923504
-0.000418302
0.00082836
-0.00105481
0.000876583
-0.00121938
0.00131067
-0.00139793
0.00133501
-0.00120527
0.00103431
-0.000876686
0.000924735
-0.00106057
0.000635497
-0.00122705
0.000778033
-0.00127
0.000862273
-0.001099
0.000859604
-0.000934669
0.000785551
-0.00117427
0.000785551
-0.000934669
0.000859604
-0.001099
0.000862273
-0.00127
0.000778033
-0.00122705
0.000635497
-0.00106057
0.000924735
-0.000876686
0.00103431
-0.00120527
0.00133501
-0.00144157
0.00130908
-0.00107214
0.000923485
-0.000703413
0.000855432
-0.000256241
0.000752069
-0.000387345
0.000818019
-0.000562885
0.000844458
-0.000934669
0.000718104
-0.00166215
0.000287221
-0.00166215
0.000718104
-0.000934669
0.000844458
-0.000562885
0.000818019
-0.000387345
0.000752069
-0.000256241
0.000855432
-0.000703413
0.000923485
-0.00107214
0.00130908
-0.00144157
0.00135628
-0.00133259
0.00113807
-0.00122295
0.000940532
-0.00132414
0.00065734
-0.0011931
0.000818542
-0.00128777
0.000844422
-0.0013726
0.000785551
-0.00166215
-0.000436904
-0.00530861
-0.000436904
-0.00166215
0.000785551
-0.0013726
0.000844422
-0.00128777
0.000818542
-0.0011931
0.00065734
-0.00132414
0.000940532
-0.00122295
0.00113807
-0.00133259
0.00135628
-0.00148181
0.00135455
-0.00105507
0.00102798
-0.000652868
0.00100667
-0.000383203
0.000879673
-0.000616763
0.000979764
-0.000715617
0.00102336
-0.00117427
0.000287221
-0.00530861
-0.0205517
-0.00530861
0.000287221
-0.00117427
0.00102336
-0.000715617
0.000979764
-0.000616763
0.000879673
-0.000383203
0.00100667
-0.000652868
0.00102798
-0.00105507
0.00135455
-0.00148181
0.00135628
-0.00133259
0.00113807
-0.00122295
0.000940532
-0.00132414
0.00065734
-0.0011931
0.000818542
-0.00128777
0.000844422
-0.0013726
0.000785551
-0.00166215
-0.000436904
-0.00530861
-0.000436904
-0.00166215
0.000785551
-0.0013726
0.000844422
-0.00128777
0.000818542
-0.0011931
0.00065734
-0.00132414
0.000940532
-0.00122295
0.00113807
-0.00133259
0.00135628
-0.00144157
0.00130908
-0.00107214
0.000923485
-0.000703413
0.000855432
-0.000256241
0.000752069
-0.000387345
0.000818019
-0.000562885
0.000844458
-0.000934669
0.000718104
-0.00166215
0.000287221
-0.00166215
0.000718104
-0.000934669
0.000844458
-0.000562885
0.000818019
-0.000387345
0.000752069
-0.000256241
0.000855432
-0.000703413
0.000923485
-0.00107214
0.00130908
-0.00144157
0.00133501
-0.00120527
0.00103431
-0.000876686
0.000924735
-0.00106057
0.000635497
-0.00122705
0.000778033
-0.00127
0.000862273
-0.001099
0.000859604
-0.000934669
0.000785551
-0.00117427
0.000785551
-0.000934669
0.000859604
-0.001099
0.000862273
-0.00127
0.000778033
-0.00122705
0.000635497
-0.00106057
0.000924735
-0.000876686
0.00103431
-0.00120527
0.00133501
-0.00139793
0.00131067
-0.00121938
0.000876583
-0.00105481
0.00082836
-0.000418302
0.000923504
-0.000410124
0.000924109
-0.000728192
0.000852646
-0.001099
0.000844458
-0.0013726
0.00102336
-0.0013726
0.000844458
-0.001099
0.000852646
-0.000728192
0.000924109
-0.000410124
0.000923504
-0.000418302
0.00082836
-0.00105481
0.000876583
-0.00121938
0.00131067
-0.00139793
0.00131236
-0.0010889
0.000901167
-0.000462537
0.000862149
-0.000599586
0.000428585
-0.0010422
0.000491426
-0.0010354
0.000746311
-0.000728192
0.000862273
-0.000562885
0.000844422
-0.000715617
0.000844422
-0.000562885
0.000862273
-0.000728192
0.000746311
-0.0010354
0.000491426
-0.0010422
0.000428585
-0.000599586
0.000862149
-0.000462537
0.000901167
-0.0010889
0.00131236
-0.00127515
0.00123508
-0.00124244
0.000810872
-0.00134379
0.000873973
-0.000720631
0.00124194
-0.000662662
0.00118425
-0.0010354
0.000924109
-0.00127
0.000818019
-0.00128777
0.000979764
-0.00128777
0.000818019
-0.00127
0.000924109
-0.0010354
0.00118425
-0.000662662
0.00124194
-0.000720631
0.000873973
-0.00134379
0.000810872
-0.00124244
0.00123508
-0.00127515
0.00138406
-0.00108278
0.000819027
-0.000191305
0.000696291
-0.000160245
6.24679e-05
-0.000682975
4.04722e-05
-0.000662662
0.000491426
-0.000410124
0.000778033
-0.000387345
0.000818542
-0.000616763
0.000818542
-0.000387345
0.000778033
-0.000410124
0.000491426
-0.000662662
4.04722e-05
-0.000682975
6.24679e-05
-0.000160245
0.000696291
-0.000191305
0.000819027
-0.00108278
0.00138406
-0.00119368
0.0011828
-0.00122756
0.000812983
-0.00139567
0.000920081
-0.000765853
0.00136488
-0.000682975
0.00124194
-0.0010422
0.000923504
-0.00122705
0.000752069
-0.0011931
0.000879673
-0.0011931
0.000752069
-0.00122705
0.000923504
-0.0010422
0.00124194
-0.000682975
0.00136488
-0.000765853
0.000920081
-0.00139567
0.000812983
-0.00122756
0.0011828
-0.00119368
0.00129633
-0.000981046
0.000735478
-0.000182832
0.00058292
-0.000232464
3.56314e-05
-0.000765853
6.24679e-05
-0.000720631
0.000428585
-0.000418302
0.000635497
-0.000256241
0.00065734
-0.000383203
0.00065734
-0.000256241
0.000635497
-0.000418302
0.000428585
-0.000720631
6.24679e-05
-0.000765853
3.56314e-05
-0.000232464
0.00058292
-0.000182832
0.000735478
-0.000981046
0.00129633
-0.00137346
0.00127491
-0.00121973
0.000812886
-0.00100589
0.000714623
-0.000232464
0.000920081
-0.000160245
0.000873973
-0.000599586
0.00082836
-0.00106057
0.000855432
-0.00132414
0.00100667
-0.00132414
0.000855432
-0.00106057
0.00082836
-0.000599586
0.000873973
-0.000160245
0.000920081
-0.000232464
0.000714623
-0.00100589
0.000812886
-0.00121973
0.00127491
-0.00137346
0.00127564
-0.00108016
0.000952562
-0.000739991
0.000864717
-0.00100589
0.00058292
-0.00139567
0.000696291
-0.00134379
0.000862149
-0.00105481
0.000924735
-0.000703413
0.000940532
-0.000652868
0.000940532
-0.000703413
0.000924735
-0.00105481
0.000862149
-0.00134379
0.000696291
-0.00139567
0.00058292
-0.00100589
0.000864717
-0.000739991
0.000952562
-0.00108016
0.00127564
-0.00136766
0.00124019
-0.00111942
0.000911081
-0.000739991
0.000812886
-0.000182832
0.000812983
-0.000191305
0.000810872
-0.000462537
0.000876583
-0.000876686
0.000923485
-0.00122295
0.00102798
-0.00122295
0.000923485
-0.000876686
0.000876583
-0.000462537
0.000810872
-0.000191305
0.000812983
-0.000182832
0.000812886
-0.000739991
0.000911081
-0.00111942
0.00124019
-0.00136766
0.00133813
-0.00125151
0.00114987
-0.00111942
0.000952562
-0.00121973
0.000735478
-0.00122756
0.000819027
-0.00124244
0.000901167
-0.00121938
0.00103431
-0.00107214
0.00113807
-0.00105507
0.00113807
-0.00107214
0.00103431
-0.00121938
0.000901167
-0.00124244
0.000819027
-0.00122756
0.000735478
-0.00121973
0.000952562
-0.00111942
0.00114987
-0.00125151
0.00133813
-0.00131693
0.00129517
-0.00125151
0.00124019
-0.00108016
0.00127491
-0.000981046
0.0011828
-0.00108278
0.00123508
-0.0010889
0.00131067
-0.00120527
0.00130908
-0.00133259
0.00135455
-0.00133259
0.00130908
-0.00120527
0.00131067
-0.0010889
0.00123508
-0.00108278
0.0011828
-0.000981046
0.00127491
-0.00108016
0.00124019
-0.00125151
0.00129517
-0.00131693
0.0010894
-0.00131693
0.00133813
-0.00136766
0.00127564
-0.00137346
0.00129633
-0.00119368
0.00138406
-0.00127515
0.00131236
-0.00139793
0.00133501
-0.00144157
0.00135628
-0.00148181
0.00135628
-0.00144157
0.00133501
-0.00139793
0.00131236
-0.00127515
0.00138406
-0.00119368
0.00129633
-0.00137346
0.00127564
-0.00136766
0.00133813
-0.00131693
0.0010894
