9.19179e+35
1.04581e+36
-1.12387e+36
6.9346e+35
-1.13781e+36
1.19008e+36
-1.35623e+36
1.43316e+36
-1.11929e+36
8.80057e+35
-6.39987e+35
4.03966e+35
-4.08542e+35
2.99962e+35
9.54946e+34
-3.70108e+35
5.70944e+35
-1.11882e+36
1.69099e+36
-1.73953e+36
1.4634e+36
-1.15223e+36
7.33231e+35
-3.78809e+35
3.57679e+35
-2.98823e+35
1.31781e+35
-8.66431e+34
-1.59985e+35
2.37665e+35
2.08761e+35
1.04581e+36
-1.80466e+37
1.27487e+37
-1.52453e+37
9.05634e+36
-1.56324e+37
1.74844e+37
-1.31091e+37
1.32289e+37
-1.07682e+37
7.17452e+36
-8.31957e+36
7.73588e+36
-5.50561e+36
6.43683e+36
-7.08674e+36
3.7373e+36
8.23432e+35
-3.92741e+36
6.83598e+36
-5.97951e+36
4.17348e+35
3.83219e+35
-8.96288e+35
6.75455e+36
-6.84523e+36
5.10823e+36
-8.03997e+36
4.37838e+36
-4.71526e+36
2.37665e+35
-1.57657e+36
3.13613e+37
-2.45913e+37
2.64086e+37
-1.75241e+37
2.98749e+37
-3.29505e+37
2.66432e+37
-2.708e+37
2.20183e+37
-1.52884e+37
1.68637e+37
-1.56938e+37
1.13467e+37
-1.12761e+37
1.12446e+37
-5.19424e+36
-4.68236e+36
1.20239e+37
-1.67682e+37
1.51891e+37
-5.48248e+36
1.72496e+36
2.36207e+35
-9.50706e+36
1.06679e+37
-8.38864e+36
1.30401e+37
-8.31761e+36
8.72016e+36
-3.34012e+35
1.92058e+36
-3.8821e+37
3.19494e+37
-3.32775e+37
2.11129e+37
-3.87569e+37
4.36482e+37
-3.63741e+37
3.82123e+37
-3.1959e+37
2.26163e+37
-2.47871e+37
2.34664e+37
-1.73306e+37
1.62696e+37
-1.58424e+37
7.92342e+36
6.26859e+36
-1.71104e+37
2.32561e+37
-2.15067e+37
8.64168e+36
-2.56552e+36
-6.62757e+35
1.30719e+37
-1.46836e+37
1.15916e+37
-1.86175e+37
1.23826e+37
-1.22938e+37
4.48687e+35
-2.08333e+36
4.26897e+37
-3.53893e+37
3.62337e+37
-2.04549e+37
4.22346e+37
-5.10297e+37
4.31963e+37
-4.61592e+37
4.03788e+37
-2.89499e+37
3.10422e+37
-3.00024e+37
2.25171e+37
-2.04422e+37
1.96788e+37
-1.02049e+37
-7.23791e+36
2.0988e+37
-2.87557e+37
2.61462e+37
-1.01854e+37
2.91789e+36
1.76042e+36
-1.75346e+37
1.82168e+37
-1.4223e+37
2.45347e+37
-1.6301e+37
1.53751e+37
-5.77444e+35
2.14795e+36
-4.29291e+37
3.52439e+37
-3.51421e+37
1.59518e+37
-4.07796e+37
5.41672e+37
-4.61007e+37
4.99397e+37
-4.55862e+37
3.29307e+37
-3.4528e+37
3.36167e+37
-2.53253e+37
2.28306e+37
-2.19998e+37
1.13753e+37
7.83706e+36
-2.31538e+37
3.23514e+37
-2.87788e+37
9.90608e+36
-2.19884e+36
-3.44612e+36
2.19587e+37
-2.11297e+37
1.64548e+37
-2.97552e+37
1.94156e+37
-1.76217e+37
6.7774e+35
-2.05378e+36
4.09922e+37
-3.29944e+37
3.1052e+37
-1.00771e+37
3.67399e+37
-5.3537e+37
4.60457e+37
-5.07037e+37
4.75265e+37
-3.4258e+37
3.52154e+37
-3.41591e+37
2.56332e+37
-2.31158e+37
2.24075e+37
-1.1383e+37
-8.54738e+36
2.44921e+37
-3.43465e+37
3.00678e+37
-8.9821e+36
6.5403e+35
5.44118e+36
-2.51122e+37
2.33252e+37
6.77061e+37
-9.00084e+37
8.09428e+37
-5.67108e+37
-7.04541e+35
1.87116e+36
1.09112e+38
-1.16059e+38
7.97998e+37
-1.03592e+38
2.49955e+38
-inf
inf
-inf
inf
-3.10593e+38
2.78744e+38
-2.56479e+38
2.02157e+38
-1.59884e+38
1.21079e+38
-2.32889e+37
-1.37407e+38
2.8458e+38
-inf
3.01015e+38
-1.49137e+38
4.18189e+37
4.86285e+37
-1.555e+38
1.62455e+38
-1.65428e+38
2.28009e+38
-1.93634e+38
1.37997e+38
6.9055e+35
-1.71555e+36
-2.37067e+38
2.37774e+38
-1.49149e+38
5.97681e+37
-2.12601e+38
inf
-inf
inf
-inf
2.93811e+38
-2.57559e+38
2.35803e+38
-1.83437e+38
1.42404e+38
-1.07011e+38
1.32782e+37
1.47111e+38
-2.94732e+38
inf
-3.05556e+38
1.48236e+38
-3.57018e+37
-5.78139e+37
1.63226e+38
-1.66473e+38
1.71309e+38
-2.35819e+38
1.98336e+38
-1.39275e+38
-6.62405e+35
1.61505e+36
2.22607e+38
-2.19765e+38
1.22367e+38
-2.74351e+37
1.83791e+38
-inf
inf
-inf
inf
-2.74903e+38
2.34749e+38
-2.14491e+38
1.65368e+38
-1.26955e+38
9.51397e+37
-4.65094e+36
-1.55221e+38
3.02725e+38
-inf
3.10494e+38
-1.49483e+38
3.32613e+37
6.23012e+37
-1.66421e+38
1.66793e+38
-1.73046e+38
2.39004e+38
-1.99518e+38
1.37821e+38
6.20467e+35
-1.55087e+36
-2.14015e+38
2.08694e+38
-1.05369e+38
6.58556e+36
-1.64121e+38
3.3359e+38
-inf
inf
-inf
2.58687e+38
-2.14919e+38
1.96868e+38
-1.51846e+38
1.16042e+38
-8.64041e+37
-1.98462e+36
1.61581e+38
-3.10008e+38
inf
-3.1682e+38
1.52475e+38
-3.35838e+37
-6.33891e+37
1.67183e+38
-1.65933e+38
1.73251e+38
-2.40067e+38
1.98968e+38
-1.35344e+38
3.55272e+37
-5.43663e+37
2.10204e+38
-2.03272e+38
9.60371e+37
6.01296e+36
1.50737e+38
-3.20547e+38
inf
-inf
inf
-2.46631e+38
1.99676e+38
-1.8524e+38
1.44449e+38
-1.09418e+38
7.9858e+37
6.80715e+36
-1.66027e+38
3.16661e+38
-inf
3.23818e+38
-1.5668e+38
3.54223e+37
6.35084e+37
-1.67624e+38
1.65557e+38
-1.74456e+38
2.413e+38
-1.98081e+38
1.33436e+38
8.82862e+37
-1.38655e+38
-2.0921e+38
2.02046e+38
-9.19948e+37
-1.48704e+37
-1.39038e+38
3.08988e+38
-3.34684e+38
inf
-inf
2.38804e+38
-1.89493e+38
1.80367e+38
-1.43186e+38
1.06483e+38
-7.54054e+37
-9.56864e+36
1.68422e+38
-3.21655e+38
inf
-3.29738e+38
1.6124e+38
-3.7572e+37
-6.43562e+37
1.68796e+38
-1.66151e+38
1.77612e+38
-2.43737e+38
1.97745e+38
-1.3287e+38
-8.79083e+37
1.38781e+38
2.09393e+38
-2.03236e+38
9.08887e+37
2.20271e+37
1.27548e+38
-2.97893e+38
3.25882e+38
-inf
inf
-2.35283e+38
1.84593e+38
-1.81152e+38
-inf
3.16644e+38
-2.00501e+38
-3.88571e+37
inf
-inf
inf
-inf
inf
-1.08463e+38
-2.25704e+38
inf
-inf
inf
-inf
inf
-3.114e+38
8.81612e+37
-1.3916e+38
inf
-inf
2.7384e+38
-1.73699e+38
inf
-inf
inf
-inf
inf
-inf
inf
-inf
inf
-3.24303e+38
2.0112e+38
3.74252e+37
-inf
inf
-inf
inf
-inf
1.11966e+38
2.26124e+38
-inf
inf
-inf
inf
-inf
inf
-8.84735e+37
1.39605e+38
-inf
inf
-inf
3.12057e+38
-inf
inf
-inf
inf
-inf
inf
-inf
inf
-inf
inf
-inf
-8.54552e+37
inf
-inf
inf
-inf
inf
-2.72079e+38
-inf
inf
-inf
inf
-inf
inf
-inf
8.8704e+37
-1.3982e+38
inf
-inf
inf
-3.04146e+38
inf
-inf
inf
-inf
inf
-inf
inf
-inf
inf
-inf
inf
1.03228e+38
-inf
inf
-inf
inf
-inf
2.75711e+38
inf
-inf
inf
-inf
inf
-inf
inf
-8.90658e+37
1.39497e+38
-inf
inf
-inf
2.87005e+38
-inf
inf
-inf
inf
-inf
inf
-inf
inf
-inf
inf
-inf
-1.1909e+38
inf
-inf
inf
-inf
inf
-2.91277e+38
-inf
inf
-inf
inf
-inf
inf
-inf
8.96244e+37
-1.38921e+38
inf
-inf
inf
-2.76672e+38
inf
-inf
inf
-inf
inf
-inf
inf
-inf
inf
-inf
inf
1.09171e+38
-inf
inf
-inf
inf
-inf
inf
inf
-inf
inf
-inf
inf
-inf
inf
-inf
-inf
-inf
inf
-inf
2.97583e+38
-inf
inf
-inf
inf
-inf
inf
-inf
inf
-inf
inf
-inf
-7.47867e+37
inf
-inf
inf
-inf
inf
-inf
-inf
inf
-inf
inf
-inf
inf
-inf
-inf
inf
inf
-inf
inf
-inf
inf
-inf
inf
-inf
inf
-inf
inf
-inf
inf
-inf
inf
1.06568e+37
-inf
inf
-inf
inf
-inf
inf
inf
-inf
inf
-inf
inf
-inf
inf
inf
-inf
-inf
inf
-inf
inf
-inf
inf
-inf
inf
-inf
inf
-inf
inf
-inf
inf
-inf
1.02337e+38
inf
-inf
inf
-inf
inf
-inf
-inf
inf
-inf
inf
-inf
inf
-inf
-inf
inf
inf
-inf
inf
-inf
inf
-inf
inf
-inf
inf
-inf
inf
-inf
inf
-inf
inf
-2.59766e+38
-inf
inf
-inf
inf
-inf
inf
inf
-inf
inf
-inf
inf
-inf
inf
inf
-inf
-inf
inf
-inf
inf
-inf
inf
-inf
inf
-inf
inf
-inf
inf
-inf
inf
-inf
inf
3.1938e+38
-inf
inf
-inf
inf
-inf
-2.9089e+38
inf
-inf
inf
-inf
inf
-inf
-inf
inf
inf
-inf
inf
-inf
inf
-inf
inf
-inf
inf
-inf
inf
-inf
inf
-inf
inf
-inf
-1.56597e+38
inf
-inf
inf
-inf
inf
1.90777e+38
-inf
inf
-inf
inf
-inf
inf
inf
-inf
-inf
inf
-inf
inf
-inf
inf
-inf
inf
-inf
inf
-inf
inf
-inf
inf
-inf
inf
4.09929e+37
-inf
inf
-inf
inf
-inf
-8.02808e+37
inf
-inf
inf
-inf
inf
-inf
-inf
inf
inf
-inf
inf
-inf
inf
-inf
inf
-inf
inf
-inf
inf
-inf
inf
-inf
inf
-inf
1.42379e+37
inf
-inf
inf
-inf
inf
-1.07525e+37
-inf
inf
-inf
inf
-inf
inf
inf
-inf
-inf
inf
-inf
inf
-inf
inf
-inf
inf
-inf
inf
-inf
inf
-inf
inf
-inf
inf
-1.88594e+37
-inf
inf
-inf
inf
-inf
5.72122e+37
inf
-inf
inf
-inf
inf
-inf
-inf
inf
inf
-inf
inf
-inf
inf
-inf
inf
-inf
inf
-inf
inf
-inf
inf
-inf
inf
-inf
6.0752e+36
inf
-inf
inf
-inf
inf
-4.59714e+37
-2.43861e+38
inf
-inf
inf
-inf
inf
inf
-inf
-inf
inf
-inf
inf
-inf
inf
-inf
inf
-inf
inf
-inf
inf
-inf
inf
-3.28502e+38
2.48585e+38
-9.3011e+37
-1.11946e+38
2.84899e+38
-3.14186e+38
2.18007e+38
-9.18951e+37
-6.15789e+37
2.03456e+38
-2.70289e+38
3.31906e+38
-inf
inf
-2.0325e+38
-1.97457e+38
-inf
-inf
inf
-inf
inf
-inf
inf
-inf
inf
-inf
inf
-inf
inf
-inf
inf
-3.19434e+38
2.41741e+38
-9.05834e+37
-1.08556e+38
2.76581e+38
-3.0503e+38
2.11724e+38
-8.91557e+37
-6.00713e+37
1.97835e+38
-2.62883e+38
3.2288e+38
-inf
3.40125e+38
-1.97457e+38
-1.53105e+38
