0.0011125
-0.00123512
0.00119057
-0.00125514
0.00100095
-0.0012877
0.000977395
-0.00124967
0.00112146
-0.00118852
0.00128088
-0.00122516
0.00132517
-0.00133009
0.00127913
-0.00138363
0.00127913
-0.00133009
0.00132517
-0.00122516
0.00128088
-0.00118852
0.00112146
-0.00124967
0.000977395
-0.0012877
0.00100095
-0.00125514
0.00119057
-0.00123512
0.0011125
-0.00123512
0.00114209
-0.00115877
0.0010518
-0.000978092
0.00106543
-0.00094801
0.00103917
-0.00106209
0.00101054
-0.00118196
0.00100521
-0.00122411
0.00102046
-0.00121181
0.00101166
-0.00121181
0.00102046
-0.00122411
0.00100521
-0.00118196
0.00101054
-0.00106209
0.00103917
-0.00094801
0.00106543
-0.000978092
0.0010518
-0.00115877
0.00114209
-0.00123512
0.00119057
-0.00115877
0.00127821
-0.00112002
0.00124669
-0.00117731
0.00123539
-0.00114535
0.00125779
-0.00110044
0.0012764
-0.00104143
0.00134918
-0.00100219
0.00141508
-0.000976777
0.00141508
-0.00100219
0.00134918
-0.00104143
0.0012764
-0.00110044
0.00125779
-0.00114535
0.00123539
-0.00117731
0.00124669
-0.00112002
0.00127821
-0.00115877
0.00119057
-0.00125514
0.0010518
-0.00112002
0.000686185
-0.000897155
0.000588914
-0.000837528
0.00063206
-0.000964182
0.000780689
-0.00111693
0.000819432
-0.00124614
0.000744116
-0.00133999
0.000652099
-0.00133999
0.000744116
-0.00124614
0.000819432
-0.00111693
0.000780689
-0.000964182
0.00063206
-0.000837528
0.000588914
-0.000897155
0.000686185
-0.00112002
0.0010518
-0.00125514
0.00100095
-0.000978092
0.00124669
-0.000897155
0.00134956
-0.000924396
0.00133215
-0.000872843
0.00113882
-0.000761519
0.000917951
-0.000550891
0.000890697
-0.000317938
0.000984154
-0.0001952
0.000984154
-0.000317938
0.000890697
-0.000550891
0.000917951
-0.000761519
0.00113882
-0.000872843
0.00133215
-0.000924396
0.00134956
-0.000897155
0.00124669
-0.000978092
0.00100095
-0.0012877
0.00106543
-0.00117731
0.000588914
-0.000924396
0.00045676
-0.000860911
0.000535881
-0.00101339
0.000806426
-0.00121066
0.000903822
-0.00142625
0.000837352
-0.00158611
0.000731384
-0.00158611
0.000837352
-0.00142625
0.000903822
-0.00121066
0.000806426
-0.00101339
0.000535881
-0.000860911
0.00045676
-0.000924396
0.000588914
-0.00117731
0.00106543
-0.0012877
0.000977395
-0.00094801
0.00123539
-0.000837528
0.00133215
-0.000860911
0.0013147
-0.000811488
0.0011096
-0.000732444
0.000864287
-0.000512602
0.000824132
-0.000266646
0.000935116
-0.000140082
0.000935116
-0.000266646
0.000824132
-0.000512602
0.000864287
-0.000732444
0.0011096
-0.000811488
0.0013147
-0.000860911
0.00133215
-0.000837528
0.00123539
-0.00094801
0.000977395
-0.00124967
0.00103917
-0.00114535
0.00063206
-0.000872843
0.000535881
-0.000811488
0.000579352
-0.000954013
0.000771256
-0.00111085
0.000815818
-0.0012655
0.000741981
-0.00139102
0.000646406
-0.00139102
0.000741981
-0.0012655
0.000815818
-0.00111085
0.000771256
-0.000954013
0.000579352
-0.000811488
0.000535881
-0.000872843
0.00063206
-0.00114535
0.00103917
-0.00124967
0.00112146
-0.00106209
0.00125779
-0.000964182
0.00113882
-0.00101339
0.0011096
-0.000954013
0.00110711
-0.00089994
0.00109236
-0.000795276
0.00112508
-0.000722137
0.00122924
-0.00066671
0.00122924
-0.000722137
0.00112508
-0.000795276
0.00109236
-0.00089994
0.00110711
-0.000954013
0.0011096
-0.00101339
0.00113882
-0.000964182
0.00125779
-0.00106209
0.00112146
-0.00118852
0.00101054
-0.00110044
0.000780689
-0.000761519
0.000806426
-0.000732444
0.000771256
-0.00089994
0.000771179
-0.00105396
0.00070916
-0.00109025
0.000663777
-0.00113783
0.000597929
-0.00113783
0.000663777
-0.00109025
0.00070916
-0.00105396
0.000771179
-0.00089994
0.000771256
-0.000732444
0.000806426
-0.000761519
0.000780689
-0.00110044
0.00101054
-0.00118852
0.00128088
-0.00118196
0.0012764
-0.00111693
0.000917951
-0.00121066
0.000864287
-0.00111085
0.00109236
-0.00105396
0.00133237
-0.0010463
0.00146635
-0.00117744
0.00155128
-0.0012284
0.00155128
-0.00117744
0.00146635
-0.0010463
0.00133237
-0.00105396
0.00109236
-0.00111085
0.000864287
-0.00121066
0.000917951
-0.00111693
0.0012764
-0.00118196
0.00128088
-0.00122516
0.00100521
-0.00104143
0.000819432
-0.000550891
0.000903822
-0.000512602
0.000815818
-0.000795276
0.00070916
-0.0010463
0.000589202
-0.00108663
0.000558522
-0.00109641
0.000498051
-0.00109641
0.000558522
-0.00108663
0.000589202
-0.0010463
0.00070916
-0.000795276
0.000815818
-0.000512602
0.000903822
-0.000550891
0.000819432
-0.00104143
0.00100521
-0.00122516
0.00132517
-0.00122411
0.00134918
-0.00124614
0.000890697
-0.00142625
0.000824132
-0.0012655
0.00112508
-0.00109025
0.00146635
-0.00108663
0.00154611
-0.00138375
0.00151791
-0.00160521
0.00151791
-0.00138375
0.00154611
-0.00108663
0.00146635
-0.00109025
0.00112508
-0.0012655
0.000824132
-0.00142625
0.000890697
-0.00124614
0.00134918
-0.00122411
0.00132517
-0.00133009
0.00102046
-0.00100219
0.000744116
-0.000317938
0.000837352
-0.000266646
0.000741981
-0.000722137
0.000663777
-0.00117744
0.000558522
-0.00138375
0.000452239
-0.00174053
-0.0001935
-0.00174053
0.000452239
-0.00138375
0.000558522
-0.00117744
0.000663777
-0.000722137
0.000741981
-0.000266646
0.000837352
-0.000317938
0.000744116
-0.00100219
0.00102046
-0.00133009
0.00127913
-0.00121181
0.00141508
-0.00133999
0.000984154
-0.00158611
0.000935116
-0.00139102
0.00122924
-0.00113783
0.00155128
-0.00109641
0.00151791
-0.00174053
0.000262719
-0.00538397
0.000262719
-0.00174053
0.00151791
-0.00109641
0.00155128
-0.00113783
0.00122924
-0.00139102
0.000935116
-0.00158611
0.000984154
-0.00133999
0.00141508
-0.00121181
0.00127913
-0.00138363
0.00101166
-0.000976777
0.000652099
-0.0001952
0.000731384
-0.000140082
0.000646406
-0.00066671
0.000597929
-0.0012284
0.000498051
-0.00160521
-0.0001935
-0.00538397
-0.0212356
-0.00538397
-0.0001935
-0.00160521
0.000498051
-0.0012284
0.000597929
-0.00066671
0.000646406
-0.000140082
0.000731384
-0.0001952
0.000652099
-0.000976777
0.00101166
-0.00138363
0.00127913
-0.00121181
0.00141508
-0.00133999
0.000984154
-0.00158611
0.000935116
-0.00139102
0.00122924
-0.00113783
0.00155128
-0.00109641
0.00151791
-0.00174053
0.000262719
-0.00538397
0.000262719
-0.00174053
0.00151791
-0.00109641
0.00155128
-0.00113783
0.00122924
-0.00139102
0.000935116
-0.00158611
0.000984154
-0.00133999
0.00141508
-0.00121181
0.00127913
-0.00133009
0.00102046
-0.00100219
0.000744116
-0.000317938
0.000837352
-0.000266646
0.000741981
-0.000722137
0.000663777
-0.00117744
0.000558522
-0.00138375
0.000452239
-0.00174053
-0.0001935
-0.00174053
0.000452239
-0.00138375
0.000558522
-0.00117744
0.000663777
-0.000722137
0.000741981
-0.000266646
0.000837352
-0.000317938
0.000744116
-0.00100219
0.00102046
-0.00133009
0.00132517
-0.00122411
0.00134918
-0.00124614
0.000890697
-0.00142625
0.000824132
-0.0012655
0.00112508
-0.00109025
0.00146635
-0.00108663
0.00154611
-0.00138375
0.00151791
-0.00160521
0.00151791
-0.00138375
0.00154611
-0.00108663
0.00146635
-0.00109025
0.00112508
-0.0012655
0.000824132
-0.00142625
0.000890697
-0.00124614
0.00134918
-0.00122411
0.00132517
-0.00122516
0.00100521
-0.00104143
0.000819432
-0.000550891
0.000903822
-0.000512602
0.000815818
-0.000795276
0.00070916
-0.0010463
0.000589202
-0.00108663
0.000558522
-0.00109641
0.000498051
-0.00109641
0.000558522
-0.00108663
0.000589202
-0.0010463
0.00070916
-0.000795276
0.000815818
-0.000512602
0.000903822
-0.000550891
0.000819432
-0.00104143
0.00100521
-0.00122516
0.00128088
-0.00118196
0.0012764
-0.00111693
0.000917951
-0.00121066
0.000864287
-0.00111085
0.00109236
-0.00105396
0.00133237
-0.0010463
0.00146635
-0.00117744
0.00155128
-0.0012284
0.00155128
-0.00117744
0.00146635
-0.0010463
0.00133237
-0.00105396
0.00109236
-0.00111085
0.000864287
-0.00121066
0.000917951
-0.00111693
0.0012764
-0.00118196
0.00128088
-0.00118852
0.00101054
-0.00110044
0.000780689
-0.000761519
0.000806426
-0.000732444
0.000771256
-0.00089994
0.000771179
-0.00105396
0.00070916
-0.00109025
0.000663777
-0.00113783
0.000597929
-0.00113783
0.000663777
-0.00109025
0.00070916
-0.00105396
0.000771179
-0.00089994
0.000771256
-0.000732444
0.000806426
-0.000761519
0.000780689
-0.00110044
0.00101054
-0.00118852
0.00112146
-0.00106209
0.00125779
-0.000964182
0.00113882
-0.00101339
0.0011096
-0.000954013
0.00110711
-0.00089994
0.00109236
-0.000795276
0.00112508
-0.000722137
0.00122924
-0.00066671
0.00122924
-0.000722137
0.00112508
-0.000795276
0.00109236
-0.00089994
0.00110711
-0.000954013
0.0011096
-0.00101339
0.00113882
-0.000964182
0.00125779
-0.00106209
0.00112146
-0.00124967
0.00103917
-0.00114535
0.00063206
-0.000872843
0.000535881
-0.000811488
0.000579352
-0.000954013
0.000771256
-0.00111085
0.000815818
-0.0012655
0.000741981
-0.00139102
0.000646406
-0.00139102
0.000741981
-0.0012655
0.000815818
-0.00111085
0.000771256
-0.000954013
0.000579352
-0.000811488
0.000535881
-0.000872843
0.00063206
-0.00114535
0.00103917
-0.00124967
0.000977395
-0.00094801
0.00123539
-0.000837528
0.00133215
-0.000860911
0.0013147
-0.000811488
0.0011096
-0.000732444
0.000864287
-0.000512602
0.000824132
-0.000266646
0.000935116
-0.000140082
0.000935116
-0.000266646
0.000824132
-0.000512602
0.000864287
-0.000732444
0.0011096
-0.000811488
0.0013147
-0.000860911
0.00133215
-0.000837528
0.00123539
-0.00094801
0.000977395
-0.0012877
0.00106543
-0.00117731
0.000588914
-0.000924396
0.00045676
-0.000860911
0.000535881
-0.00101339
0.000806426
-0.00121066
0.000903822
-0.00142625
0.000837352
-0.00158611
0.000731384
-0.00158611
0.000837352
-0.00142625
0.000903822
-0.00121066
0.000806426
-0.00101339
0.000535881
-0.000860911
0.00045676
-0.000924396
0.000588914
-0.00117731
0.00106543
-0.0012877
0.00100095
-0.000978092
0.00124669
-0.000897155
0.00134956
-0.000924396
0.00133215
-0.000872843
0.00113882
-0.000761519
0.000917951
-0.000550891
0.000890697
-0.000317938
0.000984154
-0.0001952
0.000984154
-0.000317938
0.000890697
-0.000550891
0.000917951
-0.000761519
0.00113882
-0.000872843
0.00133215
-0.000924396
0.00134956
-0.000897155
0.00124669
-0.000978092
0.00100095
-0.00125514
0.0010518
-0.00112002
0.000686185
-0.000897155
0.000588914
-0.000837528
0.00063206
-0.000964182
0.000780689
-0.00111693
0.000819432
-0.00124614
0.000744116
-0.00133999
0.000652099
-0.00133999
0.000744116
-0.00124614
0.000819432
-0.00111693
0.000780689
-0.000964182
0.00063206
-0.000837528
0.000588914
-0.000897155
0.000686185
-0.00112002
0.0010518
-0.00125514
0.00119057
-0.00115877
0.00127821
-0.00112002
0.00124669
-0.00117731
0.00123539
-0.00114535
0.00125779
-0.00110044
0.0012764
-0.00104143
0.00134918
-0.00100219
0.00141508
-0.000976777
0.00141508
-0.00100219
0.00134918
-0.00104143
0.0012764
-0.00110044
0.00125779
-0.00114535
0.00123539
-0.00117731
0.00124669
-0.00112002
0.00127821
-0.00115877
0.00119057
-0.00123512
0.00114209
-0.00115877
0.0010518
-0.000978092
0.00106543
-0.00094801
0.00103917
-0.00106209
0.00101054
-0.00118196
0.00100521
-0.00122411
0.00102046
-0.00121181
0.00101166
-0.00121181
0.00102046
-0.00122411
0.00100521
-0.00118196
0.00101054
-0.00106209
0.00103917
-0.00094801
0.00106543
-0.000978092
0.0010518
-0.00115877
0.00114209
-0.00123512
0.0011125
-0.00123512
0.00119057
-0.00125514
0.00100095
-0.0012877
0.000977395
-0.00124967
0.00112146
-0.00118852
0.00128088
-0.00122516
0.00132517
-0.00133009
0.00127913
-0.00138363
0.00127913
-0.00133009
0.00132517
-0.00122516
0.00128088
-0.00118852
0.00112146
-0.00124967
0.000977395
-0.0012877
0.00100095
-0.00125514
0.00119057
-0.00123512
0.0011125
