-38.2032
-38.2956
46.7808
-49.0433
46.3408
-49.2348
47.4767
-48.752
48.8116
-49.2101
49.197
-49.9017
50.0617
-50.0767
50.1795
-50.1394
50.1795
-50.1414
50.0617
-49.9017
49.197
-49.2101
48.8116
-48.815
47.4767
-48.8118
46.4007
-48.9799
46.7205
-38.2461
-37.3201
-38.2956
-38.3138
46.8029
-49.0664
46.4226
-49.3217
47.4991
-48.8381
48.8347
-49.2333
49.2202
-49.9253
50.0853
-50.1651
50.2032
-50.1631
50.2032
-50.1651
50.0853
-49.9253
49.2202
-49.2333
48.8347
-48.8381
47.4991
-48.8349
46.4226
-49.0664
46.8029
-38.3138
-38.2956
46.7808
46.8029
-52.8638
56.3312
-51.0992
56.0277
-52.0777
54.6602
-54.1074
53.8561
-55.2246
54.0678
-55.9371
54.5442
-55.545
54.8633
-55.545
54.5442
-55.9371
54.0678
-55.2246
53.8561
-54.1074
54.6602
-52.0777
55.5409
-51.0992
56.3312
-52.8638
46.8029
46.7808
-49.0433
-49.0664
56.3312
-62.2221
56.1283
-63.0858
58.1928
-61.8095
61.5432
-61.3692
64.7061
-62.2074
66.437
-63.8125
66.0569
-64.9683
66.0569
-63.6172
66.437
-62.2074
64.7061
-61.3692
61.5432
-61.8095
58.1928
-63.0858
56.1283
-62.2221
56.3312
-49.0664
-49.0433
46.4007
46.4226
-51.0992
56.1283
-48.9194
55.9905
-50.3592
54.4053
-54.1414
53.2285
-57.462
53.4243
-58.4217
54.5856
-57.4532
55.6458
-57.2579
53.2408
-58.2263
53.4243
-57.462
53.2285
-54.1414
54.4053
-50.3592
55.9905
-48.9194
56.1283
-51.0992
46.4226
46.4007
-49.2984
-49.3217
56.0277
-63.0858
55.9905
-64.192
58.759
-62.6521
62.646
-62.442
66.7567
-63.6427
68.979
-65.6667
68.6871
-67.324
68.4917
-64.3219
68.7836
-63.6427
66.7567
-62.442
62.646
-62.6521
58.759
-64.192
55.9905
-63.0858
56.0277
-49.3217
-49.2984
47.4767
47.4991
-52.0777
58.1928
-50.3592
58.759
-52.0797
56.6424
-56.5586
56.076
-60.1508
57.1878
-61.5684
58.4089
-60.9724
59.7857
-60.9724
58.2136
-61.5684
57.1878
-60.1508
56.076
-56.5586
56.6424
-52.0797
58.759
-50.3592
58.1928
-52.0777
47.4991
47.4767
-48.815
-48.8381
54.6602
-61.8095
54.4053
-62.6521
56.6424
-60.1589
59.9234
-59.9097
62.2263
-61.2269
63.5167
-61.6899
63.5257
-62.8023
63.5257
-61.6899
63.5167
-61.2269
62.2263
-59.9097
59.9234
-60.1589
56.6424
-62.6521
54.4053
-61.8095
54.6602
-48.8381
-48.815
48.8116
48.8347
-54.1074
61.5432
-54.1414
62.646
-56.5586
59.9234
-59.5383
60.1642
-60.7171
62.1041
-62.0038
61.9787
-62.7852
62.9997
-62.7852
61.9787
-62.0038
62.1041
-60.7171
60.1642
-59.5383
59.9234
-56.5586
62.646
-54.1414
61.5432
-54.1074
48.8347
48.8116
-49.2101
-49.2333
53.8561
-61.3692
53.2285
-62.442
56.076
-59.9097
60.1642
-62.3435
61.8994
-66.1228
64.0737
-65.7798
65.4732
-66.8125
65.4732
-65.7798
64.0737
-66.1228
61.8994
-62.3435
60.1642
-59.9097
56.076
-62.442
53.2285
-61.3692
53.8561
-49.2333
-49.2101
49.197
49.2202
-55.2246
64.7061
-57.462
66.7567
-60.1508
62.2263
-60.7171
61.8994
-57.763
63.233
-57.4967
60.4374
-58.8768
60.6317
-58.8768
60.4374
-57.4967
63.233
-57.763
61.8994
-60.7171
62.2263
-60.1508
66.7567
-57.462
64.7061
-55.2246
49.2202
49.197
-49.9017
-49.9253
54.0678
-62.2074
53.4243
-63.6427
57.1878
-61.2269
62.1041
-66.1228
63.233
-72.1504
66.383
-71.1293
69.3631
-71.9743
69.3631
-71.1293
66.383
-72.1504
63.233
-66.1228
62.1041
-61.2269
57.1878
-63.6427
53.4243
-62.2074
54.0678
-49.9253
-49.9017
50.0617
50.0853
-55.9371
66.437
-58.4217
68.979
-61.5684
63.5167
-62.0038
64.0737
-57.4967
66.383
-57.4708
62.5429
-59.7167
62.5962
-59.7167
62.5429
-57.4708
66.383
-57.4967
64.0737
-62.0038
63.5167
-61.5684
68.979
-58.4217
66.437
-55.9371
50.0853
50.0617
-50.1414
-50.1651
54.5442
-63.8125
54.5856
-65.6667
58.4089
-61.6899
61.9787
-65.7798
60.4374
-71.1293
62.5429
1609.96
-1591.32
1617.49
-1591.64
1609.61
-1534.4
1669.33
-3071.28
4855.7
-4736.6
4691.09
-4543.2
4945.06
-4360.58
4796.77
-4254
3288
-50.1414
50.1795
-3300.35
4295.96
-4881.98
4455.22
-5058.97
4640.99
-4765.32
4779.34
-4863.65
4593.43
-5113.8
4648.52
-4890.92
4827.9
-4913.33
4829.52
-4890.99
4649.1
-5112.87
4593.79
-4863.01
4777.01
-6371.23
6203.63
-6768.36
5961.7
-6531.69
5746.3
-4416.65
50.1795
-50.1394
5503.31
-7105.66
8052.09
-7278.25
8304.72
-7609.39
7826.01
-7890.28
8091.9
-7642.55
8570.15
-7796.78
8217.94
-8097.84
8272.69
-8098.69
8217.21
1398.07
-536.198
1442.02
-823.227
1062.74
-963.809
1292.39
-503.053
1545.42
-477.89
712.325
563.505
-50.1394
50.1795
-547.067
-720.823
508.124
-1554.32
541.152
-1325
985.871
-1089.82
868.672
-1450.24
571.475
-1417.78
902.994
-1143.77
985.507
-1144.49
900.959
-1409.82
576.756
-1455.9
859.462
-1087.36
986.457
-1323.97
540.294
-1553.95
509.471
-720.342
-546.795
50.1795
-50.1414
561.138
705.193
-512.269
1538.48
-545.561
1316.4
-985.595
1093.84
-887.054
1439.87
-617.557
1416.28
-934.456
1167.87
-1010.5
1169.15
-933.263
1415.33
-618.234
1440.62
-884.257
1092.2
-985.144
1315.87
-544.977
1537.74
-513.646
705.04
560.806
-50.1414
50.0617
-534.949
-708.151
531.053
-1522.62
580.866
-1309.61
989.812
-1097.81
894.292
-1400.48
639.804
-1366.88
919.366
-1132.5
987.609
-1132.24
918.45
-1368.16
639.999
-1397.71
895.425
-1096.13
990.644
-1309.25
580.689
-1522.75
531.947
-708.966
-535.357
50.0617
-49.9017
563.954
679.673
-535.946
1487.01
-580.048
1294.37
-979.302
1090.41
-947.355
1369.88
-766.505
1356.36
-1024.83
1188.02
-1079.5
1187.44
-1024.79
1358.06
-775.366
1354.27
-955.521
1092.35
-978.303
1295.98
-578.706
1487.55
-537.279
679.57
563.92
-49.9017
49.197
-527.417
-669.835
543.474
-1438.93
598.892
-10114.2
9671.33
-9799.92
9579.14
-9900.08
9396.51
-9823.96
9503.62
-9645.45
9578.59
-9645.58
9505.42
-9827.4
9421.17
-9903.44
9598.35
-9800.79
9666.3
-10116.2
9421.54
-10291.5
9113.61
-8462.67
4389.79
49.197
-49.2101
-4331.7
8311.89
-8881.42
9936.61
-9067.16
9792.65
-9436.78
9675.48
-9700.96
9974.82
-9840.76
10112.7
-10036
10106.5
-10115.3
10106.1
-10036.4
10112.7
-9843.4
9974.91
-9702.75
9674.89
-9436.51
9794.72
-9072.08
9939.74
-8883.56
8311.86
-4331.19
-49.2101
48.8116
4384.59
-8341.7
9005.23
-10005.6
9221.79
-9908.41
9573.52
-9765.68
9856.66
-9940.82
10011.8
-10061.7
10156.6
-10104
10215.5
-10104
10156.2
-10062.8
10009.8
-9941.58
9854.67
-9763.35
9573.35
-9908.07
9226.78
-10008.4
9006.72
-8352.54
4382.94
48.8116
-48.144
-4397.99
8270.46
-9018.79
9985.36
-9230.8
9899.56
-9570.88
9728.38
-9892.83
9799.45
-10071.2
9895.83
-10148.1
9965.89
-10162.3
9965.29
-10146.5
9893.76
-10070.4
9798.34
-9889.29
9724.55
-9564.98
9900.2
-9234.18
9990.17
-9031.83
8334.01
-4402
-48.815
46.5954
4303.46
-8059.87
8769.52
-9681
8906.27
-9603.06
9262.49
-9435.78
9680.11
-9469.73
9928.61
-9590.79
9978.59
-9712.88
9953.24
-9712.55
9976.74
-9589.32
9927.96
-9467
9675.15
-9431.4
9254.52
-9604.58
8907.62
-9684.56
8784.6
-8140.79
4308.11
3920.24
-4039.67
-4439.35
8284.15
-9092.82
9991.28
-9318.06
9967.57
-9707.59
9889.19
-10160.3
9964.55
-10504.5
10151.6
-10615.2
10333.8
-10598
10333.5
-10613
10152.1
-10502.6
9962.63
-10155.5
9882.43
-9703.06
9965.03
-9318.16
9990.81
-9098.03
8333.39
-4440.01
-4040.31
4120.17
4222.04
-7877.87
8597.44
-9342.7
8670.99
-9242.01
8951.58
-9087.89
9309.08
-9031.18
9520.93
-9105.39
9524.43
-9205.86
9467.93
-9205.9
9522.13
-9106.43
9518.56
-9029.82
9304.72
-9082.75
8948.9
-9240.97
8672.06
-9342.84
8603.38
-7920.32
4224.07
4196.76
-4418.24
-4446.99
8225.01
-9137.75
9906.57
-9339.52
9895.47
-9656.25
9824.67
-10018
9860.56
-10277.8
10002.3
-10354.9
10136.2
-10332.5
10136.2
-10350.7
10002.5
-10274
9857.69
-10011.8
9820.88
-9649.54
9897.4
-9339.39
9907.29
-9143.57
8266.96
-4448.37
-4440.66
4239.14
4246.49
-7743.14
8633.43
-9162.71
8671.47
-9071.08
8856.74
-8972.13
9056.49
-8980.39
9183.58
-9049.27
9223.85
-9100.98
9213.24
-9100.84
9221.44
-9048.88
9181.75
-8977.38
9050.81
-8968.75
8849.77
-9072.98
8670.97
-9163.16
8639.53
-7785.67
4248.39
4241.03
-3085.67
-3091.02
5429.09
-6304.95
6608.43
-6368.79
6549.67
-6441.24
6481.13
-6471.64
6475.01
-6479.96
6469.35
-6485.35
6458.71
-6482.67
6458.7
-6485.39
6469.36
-6479.37
6473.23
-6468.73
6477.96
-6438.03
6548.61
-6368.94
6609.08
-6311.54
5458.52
-3094.06
-3074.09
-2987.81
-3085.67
5419.67
-6294
6596.94
-6357.72
6538.28
-6430.04
6469.87
-6460.39
6463.76
-6468.7
6458.1
-6474.08
6447.48
-6471.4
6447.48
-6474.12
6458.12
-6468.11
6461.98
-6457.48
6466.7
-6426.84
6537.23
-6357.87
6597.58
-6300.58
5449.04
-3088.71
-2973.29
