-1.18716e+10
-1.22746e+10
1.83769e+10
-2.24503e+10
2.343e+10
-2.32857e+10
2.30743e+10
-2.29187e+10
2.27757e+10
-2.26543e+10
2.25392e+10
-2.24067e+10
2.22804e+10
-2.21877e+10
2.21392e+10
-2.21334e+10
2.21778e+10
-2.22618e+10
2.23762e+10
-2.25127e+10
2.2646e+10
-2.2763e+10
2.28948e+10
-2.30456e+10
2.32064e+10
-2.34233e+10
2.35608e+10
-2.25642e+10
1.84877e+10
-1.23348e+10
-1.22035e+10
-1.22746e+10
1.66783e+11
-2.21547e+11
2.88047e+11
-3.45261e+11
3.60721e+11
-3.58659e+11
3.54838e+11
-3.51822e+11
3.49338e+11
-3.49116e+11
3.52884e+11
-3.56142e+11
3.60203e+11
-3.6493e+11
3.7008e+11
-3.72226e+11
3.74844e+11
-3.76842e+11
3.79782e+11
-3.8387e+11
3.87822e+11
-3.91536e+11
3.9603e+11
-4.01271e+11
4.03888e+11
-3.87051e+11
3.24292e+11
-2.50327e+11
1.78457e+11
-1.23348e+10
1.78291e+10
-2.78791e+11
3.8848e+11
-5.03703e+11
5.99106e+11
-6.25959e+11
6.2574e+11
-6.23403e+11
6.22492e+11
-6.22516e+11
6.26152e+11
-6.35935e+11
6.44282e+11
-6.53086e+11
6.62555e+11
-6.71623e+11
6.74891e+11
-6.78072e+11
6.79499e+11
-6.81419e+11
6.84247e+11
-6.86421e+11
6.88191e+11
-6.91238e+11
6.95519e+11
-6.96275e+11
6.66952e+11
-5.63172e+11
4.35767e+11
-3.08672e+11
1.79018e+10
-1.98529e+10
2.84416e+11
-3.89953e+11
5.13433e+11
-6.223e+11
6.54682e+11
-6.56776e+11
6.56483e+11
-6.57348e+11
6.58989e+11
-6.64864e+11
6.77601e+11
-6.87719e+11
6.97781e+11
-7.09027e+11
7.19654e+11
-7.22975e+11
7.25928e+11
-7.26826e+11
7.27892e+11
-7.29661e+11
7.30653e+11
-7.3111e+11
7.32566e+11
-7.34845e+11
7.33103e+11
-6.97694e+11
5.79584e+11
-4.42351e+11
3.17337e+11
-1.99381e+10
2.01642e+10
-2.76769e+11
3.75556e+11
-4.98757e+11
6.10054e+11
-6.42784e+11
6.44602e+11
-6.44038e+11
6.44051e+11
-6.44471e+11
6.49546e+11
-6.61955e+11
6.71185e+11
-6.80148e+11
6.90994e+11
-7.01419e+11
7.04245e+11
-7.0728e+11
7.09042e+11
-7.11135e+11
7.14098e+11
-7.16736e+11
7.18884e+11
-7.21277e+11
7.23804e+11
-7.22349e+11
6.86532e+11
-5.65842e+11
4.28598e+11
-3.09987e+11
2.02508e+10
-2.03778e+10
2.74348e+11
-3.71449e+11
4.95035e+11
-6.07248e+11
6.3988e+11
-6.41588e+11
6.4112e+11
-6.40782e+11
6.40522e+11
-6.45198e+11
6.57642e+11
-6.66592e+11
6.74882e+11
-6.85055e+11
6.94843e+11
-6.97118e+11
7.00315e+11
-7.02751e+11
7.05238e+11
-7.08584e+11
7.12237e+11
-7.15526e+11
7.18251e+11
-7.20566e+11
7.19224e+11
-6.83527e+11
5.61992e+11
-4.24502e+11
3.07676e+11
-2.04675e+10
2.05819e+10
-2.7747e+11
3.76471e+11
-5.02243e+11
6.16233e+11
-6.49641e+11
6.51939e+11
-6.52069e+11
6.51939e+11
-6.51509e+11
6.56e+11
-6.68598e+11
6.77732e+11
-6.86002e+11
6.95793e+11
-7.0515e+11
7.07314e+11
-7.11055e+11
7.14002e+11
-7.16394e+11
7.19575e+11
-7.23669e+11
7.27474e+11
-7.30029e+11
7.31694e+11
-7.29741e+11
6.93185e+11
-5.69776e+11
4.30061e+11
-3.11208e+11
2.0679e+10
-2.06337e+10
2.78168e+11
-3.77489e+11
5.03434e+11
-6.17488e+11
6.50974e+11
-6.53617e+11
6.54269e+11
-6.54652e+11
6.54587e+11
-6.5932e+11
6.7227e+11
-6.82055e+11
6.91083e+11
-7.01142e+11
7.10396e+11
-7.12497e+11
7.16288e+11
-7.18789e+11
7.20295e+11
-7.22721e+11
7.266e+11
-7.30291e+11
7.32561e+11
-7.3392e+11
7.31858e+11
-6.9536e+11
5.71832e+11
-4.31751e+11
3.12297e+11
-2.07359e+10
2.04821e+10
-2.74371e+11
3.71125e+11
-4.94065e+11
6.05338e+11
-6.3698e+11
6.38381e+11
-6.38044e+11
6.37788e+11
-6.37347e+11
6.4171e+11
-6.5429e+11
6.64072e+11
-6.73341e+11
6.83247e+11
-6.92071e+11
6.94011e+11
-6.9777e+11
6.99859e+11
-7.00915e+11
7.03216e+11
-7.07479e+11
7.11852e+11
-7.15182e+11
7.17902e+11
-7.17461e+11
6.83165e+11
-5.62569e+11
4.25419e+11
-3.08427e+11
2.05816e+10
-2.02346e+10
2.78257e+12
-2.32243e+12
2.95349e+12
-3.44085e+12
3.76317e+12
-3.83289e+12
3.81755e+12
-3.79949e+12
3.8007e+12
-3.83748e+12
3.87621e+12
-3.90168e+12
3.91831e+12
-3.94344e+12
3.98547e+12
-4.02426e+12
4.03904e+12
-4.05067e+12
4.05549e+12
-4.0674e+12
4.0995e+12
-4.1445e+12
4.19094e+12
-4.22836e+12
4.16552e+12
-3.81539e+12
3.26822e+12
-2.65955e+12
3.22051e+12
-2.03262e+10
2.0195e+10
-2.78378e+12
2.32992e+12
-2.9641e+12
3.45608e+12
-3.78362e+12
3.85751e+12
-3.84468e+12
3.82816e+12
-3.83066e+12
3.86889e+12
-3.90858e+12
3.93403e+12
-3.95058e+12
3.97642e+12
-4.01933e+12
4.05824e+12
-4.0727e+12
4.08486e+12
-4.09031e+12
4.10152e+12
-4.13204e+12
4.17526e+12
-4.21884e+12
4.25234e+12
-4.1848e+12
3.82965e+12
-3.27809e+12
2.66611e+12
-3.22098e+12
2.02863e+10
-2.03394e+10
2.81563e+12
-2.3762e+12
3.02905e+12
-3.45486e+12
3.75316e+12
-3.76465e+12
3.74625e+12
-3.74639e+12
3.75938e+12
-3.81606e+12
3.87838e+12
-3.92861e+12
3.96719e+12
-4.00819e+12
4.05578e+12
-4.08976e+12
4.0925e+12
-4.0987e+12
4.09246e+12
-4.08753e+12
4.09793e+12
-4.11465e+12
4.1284e+12
-4.16252e+12
4.01241e+12
-3.75226e+12
3.17323e+12
-1.65894e+12
3.76286e+12
-9.66611e+11
8.50839e+11
-3.31999e+12
1.4871e+12
-2.9303e+12
3.40331e+12
-3.65572e+12
3.58438e+12
-3.53854e+12
3.5331e+12
-3.53288e+12
3.58444e+12
-3.64873e+12
3.70698e+12
-3.75438e+12
3.80054e+12
-3.8469e+12
3.87741e+12
-3.87551e+12
3.88603e+12
-3.88278e+12
3.88164e+12
-3.89522e+12
3.9094e+12
-3.91661e+12
3.97452e+12
-4.05915e+12
3.79061e+12
-3.20201e+12
1.67581e+12
-3.78362e+12
9.72865e+11
-8.50238e+11
3.31798e+12
-1.48453e+12
2.92753e+12
-3.39777e+12
3.64494e+12
-3.5663e+12
3.5139e+12
-3.50299e+12
3.49431e+12
-3.53658e+12
3.59808e+12
-3.65507e+12
3.70131e+12
-3.74478e+12
3.78744e+12
-3.81753e+12
3.81931e+12
-3.83024e+12
3.82897e+12
-3.83311e+12
3.85448e+12
-3.8759e+12
3.88876e+12
-3.95382e+12
4.04633e+12
-3.78336e+12
3.19799e+12
-1.68637e+12
3.76759e+12
-9.67483e+11
8.44021e+11
-3.29958e+12
1.46745e+12
-2.89941e+12
3.35812e+12
-3.59273e+12
3.50212e+12
-3.4398e+12
3.42187e+12
-3.40279e+12
3.42848e+12
-3.48364e+12
3.53863e+12
-3.58538e+12
3.62191e+12
-3.66184e+12
3.6941e+12
-3.70373e+12
3.71292e+12
-3.71392e+12
3.72402e+12
-3.75439e+12
3.78525e+12
-3.80737e+12
3.88367e+12
-3.9894e+12
3.74026e+12
-3.15405e+12
1.69098e+12
-3.77715e+12
9.67633e+11
-8.39616e+11
3.53771e+12
-1.01993e+12
2.84e+12
-3.27325e+12
3.45385e+12
-3.27523e+12
3.18132e+12
-3.16079e+12
3.1305e+12
-3.12626e+12
3.17071e+12
-3.23337e+12
3.28839e+12
-3.3277e+12
3.36665e+12
-3.41503e+12
3.43413e+12
-3.43524e+12
3.43906e+12
-3.45468e+12
3.49083e+12
-3.52271e+12
3.54348e+12
-3.64852e+12
3.84599e+12
-3.65713e+12
3.04223e+12
-1.19881e+12
4.06446e+12
-9.69847e+11
8.44001e+11
-3.5462e+12
1.02084e+12
-2.84497e+12
3.28218e+12
-3.46683e+12
3.29104e+12
-3.19911e+12
3.18614e+12
-3.16301e+12
3.14398e+12
-3.18313e+12
3.24846e+12
-3.30406e+12
3.34357e+12
-3.3817e+12
3.44626e+12
-3.47617e+12
3.46677e+12
-3.47022e+12
3.48376e+12
-3.51636e+12
3.54521e+12
-3.5639e+12
3.66644e+12
-3.8604e+12
3.66713e+12
-3.04769e+12
1.22054e+12
-4.06345e+12
9.70094e+11
-8.50258e+11
3.56059e+12
-1.02643e+12
2.8584e+12
-3.30367e+12
3.49719e+12
-3.32911e+12
3.24309e+12
-3.23747e+12
3.22096e+12
-3.20077e+12
3.24408e+12
-3.31159e+12
3.37225e+12
-3.41039e+12
3.45193e+12
-3.52146e+12
3.56001e+12
-3.54699e+12
3.54936e+12
-3.5573e+12
3.5805e+12
-3.60054e+12
3.61258e+12
-3.70752e+12
3.89266e+12
-3.69037e+12
3.06217e+12
-1.22659e+12
4.07962e+12
-9.77185e+11
8.51012e+11
-3.5628e+12
1.02858e+12
-2.8601e+12
3.30721e+12
-3.50403e+12
3.34006e+12
-3.25598e+12
3.25118e+12
-3.23665e+12
3.21842e+12
-3.26588e+12
3.33344e+12
-3.3937e+12
3.43291e+12
-3.47441e+12
3.54328e+12
-3.58545e+12
3.57478e+12
-3.58006e+12
3.58645e+12
-3.60372e+12
3.61891e+12
-3.62902e+12
3.72024e+12
-3.9008e+12
3.69622e+12
-3.06627e+12
1.22955e+12
-4.08205e+12
9.78238e+11
-8.45677e+11
3.54735e+12
-1.0205e+12
2.84105e+12
-3.2812e+12
3.47212e+12
-3.30475e+12
3.21561e+12
-3.20436e+12
3.1862e+12
-3.16616e+12
3.21133e+12
-3.27465e+12
3.33072e+12
-3.36894e+12
3.40987e+12
-3.47672e+12
3.51971e+12
-3.51393e+12
3.52587e+12
-3.53649e+12
3.5549e+12
-3.57316e+12
3.58944e+12
-3.68521e+12
3.86969e+12
-3.67279e+12
3.05056e+12
-1.22211e+12
4.06454e+12
-9.72379e+11
-1.86242e+12
-3.53186e+12
1.01613e+12
-2.82727e+12
3.26028e+12
-3.44422e+12
3.27243e+12
-3.17858e+12
3.16191e+12
-3.1405e+12
3.11834e+12
-3.16079e+12
3.22072e+12
-3.27335e+12
3.30995e+12
-3.3511e+12
3.41659e+12
-3.46024e+12
3.45762e+12
-3.47314e+12
3.48669e+12
-3.5073e+12
3.52907e+12
-3.5517e+12
3.65297e+12
-3.84296e+12
3.65459e+12
-3.0398e+12
1.21821e+12
-4.04691e+12
-3.54129e+12
3.08911e+12
3.53795e+12
-1.01846e+12
2.83065e+12
-3.26113e+12
3.44154e+12
-3.26685e+12
3.17106e+12
-3.15255e+12
3.12946e+12
-3.10507e+12
3.14495e+12
-3.20226e+12
3.25214e+12
-3.28705e+12
3.32819e+12
-3.39359e+12
3.43805e+12
-3.43708e+12
3.45421e+12
-3.46979e+12
3.49293e+12
-3.51728e+12
3.5431e+12
-3.64749e+12
3.84197e+12
-3.65845e+12
3.04559e+12
-1.22026e+12
4.0557e+12
3.5481e+12
-3.44061e+12
-3.56084e+12
1.02334e+12
-2.84614e+12
3.28111e+12
-3.46508e+12
3.29202e+12
-3.19812e+12
3.18194e+12
-3.16033e+12
3.13632e+12
-3.17635e+12
3.23371e+12
-3.28397e+12
3.31936e+12
-3.36077e+12
3.4261e+12
-3.46972e+12
3.46793e+12
-3.4852e+12
3.50072e+12
-3.52361e+12
3.54699e+12
-3.57051e+12
3.67326e+12
-3.86825e+12
3.68326e+12
-3.06486e+12
1.22488e+12
-4.08893e+12
-4.05243e+12
3.54194e+12
3.57414e+12
-1.03006e+12
2.86257e+12
-3.30635e+12
3.49985e+12
-3.3336e+12
3.24431e+12
-3.23264e+12
3.21595e+12
-3.19738e+12
3.242e+12
-3.30212e+12
3.35567e+12
-3.39432e+12
3.43693e+12
-3.50035e+12
3.54061e+12
-3.53612e+12
3.55221e+12
-3.56453e+12
3.58248e+12
-3.60047e+12
3.61766e+12
-3.71481e+12
3.90514e+12
-3.71335e+12
3.08569e+12
-1.23143e+12
4.11416e+12
4.07762e+12
-3.53297e+12
-3.5652e+12
1.03418e+12
-2.86412e+12
3.31146e+12
-3.51069e+12
3.34946e+12
-3.2616e+12
3.25047e+12
-3.23624e+12
3.22177e+12
-3.2685e+12
3.32723e+12
-3.38046e+12
3.42117e+12
-3.46462e+12
3.52475e+12
-3.56162e+12
3.55752e+12
-3.57647e+12
3.58895e+12
-3.60436e+12
3.61948e+12
-3.6343e+12
3.72926e+12
-3.91606e+12
3.72005e+12
-3.08913e+12
1.2346e+12
-4.10836e+12
-4.07177e+12
3.51928e+12
3.55169e+12
-1.05067e+12
2.87073e+12
-3.31663e+12
3.51609e+12
-3.35741e+12
3.26957e+12
-3.25856e+12
3.24779e+12
-3.23775e+12
3.28548e+12
-3.34168e+12
3.39334e+12
-3.43557e+12
3.47998e+12
-3.53638e+12
3.56938e+12
-3.566e+12
3.58813e+12
-3.60184e+12
3.61529e+12
-3.62751e+12
3.64159e+12
-3.7364e+12
3.92067e+12
-3.72362e+12
3.09435e+12
-1.24929e+12
4.08763e+12
4.05087e+12
-3.5395e+12
-3.5482e+12
1.08822e+12
-2.89077e+12
3.32922e+12
-3.52044e+12
3.36065e+12
-3.27194e+12
3.26192e+12
-3.25646e+12
3.25133e+12
-3.29992e+12
3.35553e+12
-3.40707e+12
3.45057e+12
-3.49536e+12
3.54835e+12
-3.57674e+12
3.57144e+12
-3.59309e+12
3.60633e+12
-3.61667e+12
3.62435e+12
-3.63715e+12
3.73242e+12
-3.91647e+12
3.72606e+12
-3.10539e+12
1.27943e+12
-4.07219e+12
-4.06236e+12
3.48293e+12
3.49143e+12
-1.14095e+12
2.87681e+12
-3.28988e+12
3.45479e+12
-3.28821e+12
3.19512e+12
-3.18116e+12
3.17466e+12
-3.1667e+12
3.2083e+12
-3.25888e+12
3.30639e+12
-3.34661e+12
3.38834e+12
-3.43812e+12
3.46369e+12
-3.45827e+12
3.48035e+12
-3.49673e+12
3.50957e+12
-3.51822e+12
3.53441e+12
-3.63346e+12
3.82269e+12
-3.65953e+12
3.07198e+12
-1.31504e+12
3.99223e+12
3.9827e+12
-3.01439e+12
-3.02077e+12
8.54737e+11
-2.31117e+12
2.62217e+12
-2.72484e+12
2.56199e+12
-2.47525e+12
2.46018e+12
1.45182e+13
-1.46237e+13
1.46989e+13
-1.48345e+13
1.50327e+13
-1.52389e+13
1.54571e+13
-1.55689e+13
1.56623e+13
-1.57714e+13
1.57995e+13
-1.5862e+13
1.59305e+13
-1.60169e+13
1.61483e+13
-1.61057e+13
1.51226e+13
-1.34609e+13
1.07234e+13
-1.45102e+13
3.20966e+12
-3.43942e+12
1.8972e+12
-2.10228e+12
9.12192e+12
-6.83558e+12
8.78712e+12
-9.73859e+12
1.03423e+13
-1.03909e+13
1.03391e+13
-1.0333e+13
1.04021e+13
-1.04564e+13
1.05522e+13
-1.06882e+13
1.08244e+13
-1.09702e+13
1.10457e+13
-1.11106e+13
1.11839e+13
-1.12022e+13
1.12435e+13
-1.12919e+13
1.13565e+13
-1.14524e+13
1.14324e+13
-1.08039e+13
9.7291e+12
-7.91687e+12
1.01774e+13
-2.06208e+12
2.14574e+12
1.86039e+12
1.89774e+12
-5.30546e+11
1.46635e+12
-1.68245e+12
1.74563e+12
-1.63914e+12
1.58341e+12
-1.57437e+12
1.56929e+12
-1.56043e+12
1.57767e+12
-1.60349e+12
1.62639e+12
-1.64526e+12
1.66489e+12
-1.69197e+12
1.7039e+12
-1.69916e+12
1.70977e+12
-1.72018e+12
1.72885e+12
-1.73334e+12
1.74275e+12
-1.80161e+12
1.91923e+12
-1.85969e+12
1.56093e+12
-6.36302e+11
2.1463e+12
2.1047e+12
