0.000477663
-9.22072e-05
-0.000390687
-0.000420773
-0.000127391
-0.00067143
0.000921789
-0.00185659
0.00131419
-0.00208884
0.0013824
-0.000824725
0.00138999
-0.00140253
0.00178947
-0.00148035
0.00178947
-0.00140253
0.00138999
-0.000824725
0.0013824
-0.00208884
0.00131419
-0.00185659
0.000921789
-0.00067143
-0.000127391
-0.000420773
-0.000390687
-9.22072e-05
0.000477663
-9.22072e-05
-0.000267666
-6.89341e-05
-0.000232907
-0.000619771
0.00084079
-0.00141236
0.00279695
-0.00222087
0.00287134
-0.00156342
0.00131577
-0.00150938
0.00249554
-0.00179403
0.00167854
-0.00179403
0.00249554
-0.00150938
0.00131577
-0.00156342
0.00287134
-0.00222087
0.00279695
-0.00141236
0.00084079
-0.000619771
-0.000232907
-6.89341e-05
-0.000267666
-9.22072e-05
-0.000390687
-6.89341e-05
0.00134586
-0.000633564
0.00219822
-0.00161345
0.00200451
-0.0029762
0.00181404
-0.00232061
0.00106495
-0.000864231
0.000456615
-0.00198727
0.00072347
-0.000829962
0.00072347
-0.00198727
0.000456615
-0.000864231
0.00106495
-0.00232061
0.00181404
-0.0029762
0.00200451
-0.00161345
0.00219822
-0.000633564
0.00134586
-6.89341e-05
-0.000390687
-0.000420773
-0.000232907
-0.000633564
-0.00169577
-0.000926097
0.000415928
-0.00151433
0.00327729
-0.003438
0.00319348
-0.00179539
0.00237332
-0.00196583
0.00386257
-0.00195192
0.00224896
-0.00195192
0.00386257
-0.00196583
0.00237332
-0.00179539
0.00319348
-0.003438
0.00327729
-0.00151433
0.000415928
-0.000926097
-0.00169577
-0.000633564
-0.000232907
-0.000420773
-0.000127391
-0.000619771
0.00219822
-0.000926097
0.00296826
-0.00207077
0.00252643
-0.00297268
0.00251344
-0.00202488
0.00112771
-0.0011755
0.000324667
-0.00180028
0.000291501
-0.000578555
0.000291501
-0.00180028
0.000324667
-0.0011755
0.00112771
-0.00202488
0.00251344
-0.00297268
0.00252643
-0.00207077
0.00296826
-0.000926097
0.00219822
-0.000619771
-0.000127391
-0.00067143
0.00084079
-0.00161345
0.000415928
-0.00207077
0.00170772
-0.00249731
0.00279835
-0.00327644
0.0022354
-0.00179191
0.00180859
-0.00139701
0.00237029
-0.00112047
0.00106552
-0.00112047
0.00237029
-0.00139701
0.00180859
-0.00179191
0.0022354
-0.00327644
0.00279835
-0.00249731
0.00170772
-0.00207077
0.000415928
-0.00161345
0.00084079
-0.00067143
0.000921789
-0.00141236
0.00200451
-0.00151433
0.00252643
-0.00249731
0.0029792
-0.00273427
0.00354527
-0.00216859
0.00184104
-0.00164041
0.00133035
-0.00163422
0.000783517
-0.000586807
0.000783517
-0.00163422
0.00133035
-0.00164041
0.00184104
-0.00216859
0.00354527
-0.00273427
0.0029792
-0.00249731
0.00252643
-0.00151433
0.00200451
-0.00141236
0.000921789
-0.00185659
0.00279695
-0.0029762
0.00327729
-0.00297268
0.00279835
-0.00273427
0.00175764
-0.00171956
0.000152529
-0.000825971
0.000337822
-0.00040424
-9.30343e-05
0.000243628
-0.00098271
0.000243628
-9.30343e-05
-0.00040424
0.000337822
-0.000825971
0.000152529
-0.00171956
0.00175764
-0.00273427
0.00279835
-0.00297268
0.00327729
-0.0029762
0.00279695
-0.00185659
0.00131419
-0.00222087
0.00181404
-0.003438
0.00251344
-0.00327644
0.00354527
-0.00171956
0.0030954
-0.00122197
0.00161516
-0.000411028
0.00114826
8.47645e-05
0.000122072
0.000950124
0.000122072
8.47645e-05
0.00114826
-0.000411028
0.00161516
-0.00122197
0.0030954
-0.00171956
0.00354527
-0.00327644
0.00251344
-0.003438
0.00181404
-0.00222087
0.00131419
-0.00208884
0.00287134
-0.00232061
0.00319348
-0.00202488
0.0022354
-0.00216859
0.000152529
-0.00122197
-0.000943978
2.68319e-05
-0.00044314
-0.00025593
-0.00126394
0.000797718
-0.0015635
0.000797718
-0.00126394
-0.00025593
-0.00044314
2.68319e-05
-0.000943978
-0.00122197
0.000152529
-0.00216859
0.0022354
-0.00202488
0.00319348
-0.00232061
0.00287134
-0.00208884
0.0013824
-0.00156342
0.00106495
-0.00179539
0.00112771
-0.00179191
0.00184104
-0.000825971
0.00161516
2.68319e-05
0.000820197
-0.0010551
0.00116712
0.000249015
0.000349127
-0.000246251
0.000349127
0.000249015
0.00116712
-0.0010551
0.000820197
2.68319e-05
0.00161516
-0.000825971
0.00184104
-0.00179191
0.00112771
-0.00179539
0.00106495
-0.00156342
0.0013824
-0.000824725
0.00131577
-0.000864231
0.00237332
-0.0011755
0.00180859
-0.00164041
0.000337822
-0.000411028
-0.00044314
-0.0010551
0.000726262
-0.000762105
-0.000877901
-0.00068756
0.0003626
-0.00068756
-0.000877901
-0.000762105
0.000726262
-0.0010551
-0.00044314
-0.000411028
0.000337822
-0.00164041
0.00180859
-0.0011755
0.00237332
-0.000864231
0.00131577
-0.000824725
0.00138999
-0.00150938
0.000456615
-0.00196583
0.000324667
-0.00139701
0.00133035
-0.00040424
0.00114826
-0.00025593
0.00116712
-0.000762105
0.00111408
0.000232877
0.000982102
-0.00102028
0.000982102
0.000232877
0.00111408
-0.000762105
0.00116712
-0.00025593
0.00114826
-0.00040424
0.00133035
-0.00139701
0.000324667
-0.00196583
0.000456615
-0.00150938
0.00138999
-0.00140253
0.00249554
-0.00198727
0.00386257
-0.00180028
0.00237029
-0.00163422
-9.30343e-05
8.47645e-05
-0.00126394
0.000249015
-0.000877901
0.000232877
-0.00245631
0.000247532
-0.00216624
0.000247532
-0.00245631
0.000232877
-0.000877901
0.000249015
-0.00126394
8.47645e-05
-9.30343e-05
-0.00163422
0.00237029
-0.00180028
0.00386257
-0.00198727
0.00249554
-0.00140253
0.00178947
-0.00179403
0.00072347
-0.00195192
0.000291501
-0.00112047
0.000783517
0.000243628
0.000122072
0.000797718
0.000349127
-0.00068756
0.000982102
0.000247532
-0.00124407
-0.00390263
-0.00124407
0.000247532
0.000982102
-0.00068756
0.000349127
0.000797718
0.000122072
0.000243628
0.000783517
-0.00112047
0.000291501
-0.00195192
0.00072347
-0.00179403
0.00178947
-0.00148035
0.00167854
-0.000829962
0.00224896
-0.000578555
0.00106552
-0.000586807
-0.00098271
0.000950124
-0.0015635
-0.000246251
0.0003626
-0.00102028
-0.00216624
-0.00390263
-0.0225216
-0.00390263
-0.00216624
-0.00102028
0.0003626
-0.000246251
-0.0015635
0.000950124
-0.00098271
-0.000586807
0.00106552
-0.000578555
0.00224896
-0.000829962
0.00167854
-0.00148035
0.00178947
-0.00179403
0.00072347
-0.00195192
0.000291501
-0.00112047
0.000783517
0.000243628
0.000122072
0.000797718
0.000349127
-0.00068756
0.000982102
0.000247532
-0.00124407
-0.00390263
-0.00124407
0.000247532
0.000982102
-0.00068756
0.000349127
0.000797718
0.000122072
0.000243628
0.000783517
-0.00112047
0.000291501
-0.00195192
0.00072347
-0.00179403
0.00178947
-0.00140253
0.00249554
-0.00198727
0.00386257
-0.00180028
0.00237029
-0.00163422
-9.30343e-05
8.47645e-05
-0.00126394
0.000249015
-0.000877901
0.000232877
-0.00245631
0.000247532
-0.00216624
0.000247532
-0.00245631
0.000232877
-0.000877901
0.000249015
-0.00126394
8.47645e-05
-9.30343e-05
-0.00163422
0.00237029
-0.00180028
0.00386257
-0.00198727
0.00249554
-0.00140253
0.00138999
-0.00150938
0.000456615
-0.00196583
0.000324667
-0.00139701
0.00133035
-0.00040424
0.00114826
-0.00025593
0.00116712
-0.000762105
0.00111408
0.000232877
0.000982102
-0.00102028
0.000982102
0.000232877
0.00111408
-0.000762105
0.00116712
-0.00025593
0.00114826
-0.00040424
0.00133035
-0.00139701
0.000324667
-0.00196583
0.000456615
-0.00150938
0.00138999
-0.000824725
0.00131577
-0.000864231
0.00237332
-0.0011755
0.00180859
-0.00164041
0.000337822
-0.000411028
-0.00044314
-0.0010551
0.000726262
-0.000762105
-0.000877901
-0.00068756
0.0003626
-0.00068756
-0.000877901
-0.000762105
0.000726262
-0.0010551
-0.00044314
-0.000411028
0.000337822
-0.00164041
0.00180859
-0.0011755
0.00237332
-0.000864231
0.00131577
-0.000824725
0.0013824
-0.00156342
0.00106495
-0.00179539
0.00112771
-0.00179191
0.00184104
-0.000825971
0.00161516
2.68319e-05
0.000820197
-0.0010551
0.00116712
0.000249015
0.000349127
-0.000246251
0.000349127
0.000249015
0.00116712
-0.0010551
0.000820197
2.68319e-05
0.00161516
-0.000825971
0.00184104
-0.00179191
0.00112771
-0.00179539
0.00106495
-0.00156342
0.0013824
-0.00208884
0.00287134
-0.00232061
0.00319348
-0.00202488
0.0022354
-0.00216859
0.000152529
-0.00122197
-0.000943978
2.68319e-05
-0.00044314
-0.00025593
-0.00126394
0.000797718
-0.0015635
0.000797718
-0.00126394
-0.00025593
-0.00044314
2.68319e-05
-0.000943978
-0.00122197
0.000152529
-0.00216859
0.0022354
-0.00202488
0.00319348
-0.00232061
0.00287134
-0.00208884
0.00131419
-0.00222087
0.00181404
-0.003438
0.00251344
-0.00327644
0.00354527
-0.00171956
0.0030954
-0.00122197
0.00161516
-0.000411028
0.00114826
8.47645e-05
0.000122072
0.000950124
0.000122072
8.47645e-05
0.00114826
-0.000411028
0.00161516
-0.00122197
0.0030954
-0.00171956
0.00354527
-0.00327644
0.00251344
-0.003438
0.00181404
-0.00222087
0.00131419
-0.00185659
0.00279695
-0.0029762
0.00327729
-0.00297268
0.00279835
-0.00273427
0.00175764
-0.00171956
0.000152529
-0.000825971
0.000337822
-0.00040424
-9.30343e-05
0.000243628
-0.00098271
0.000243628
-9.30343e-05
-0.00040424
0.000337822
-0.000825971
0.000152529
-0.00171956
0.00175764
-0.00273427
0.00279835
-0.00297268
0.00327729
-0.0029762
0.00279695
-0.00185659
0.000921789
-0.00141236
0.00200451
-0.00151433
0.00252643
-0.00249731
0.0029792
-0.00273427
0.00354527
-0.00216859
0.00184104
-0.00164041
0.00133035
-0.00163422
0.000783517
-0.000586807
0.000783517
-0.00163422
0.00133035
-0.00164041
0.00184104
-0.00216859
0.00354527
-0.00273427
0.0029792
-0.00249731
0.00252643
-0.00151433
0.00200451
-0.00141236
0.000921789
-0.00067143
0.00084079
-0.00161345
0.000415928
-0.00207077
0.00170772
-0.00249731
0.00279835
-0.00327644
0.0022354
-0.00179191
0.00180859
-0.00139701
0.00237029
-0.00112047
0.00106552
-0.00112047
0.00237029
-0.00139701
0.00180859
-0.00179191
0.0022354
-0.00327644
0.00279835
-0.00249731
0.00170772
-0.00207077
0.000415928
-0.00161345
0.00084079
-0.00067143
-0.000127391
-0.000619771
0.00219822
-0.000926097
0.00296826
-0.00207077
0.00252643
-0.00297268
0.00251344
-0.00202488
0.00112771
-0.0011755
0.000324667
-0.00180028
0.000291501
-0.000578555
0.000291501
-0.00180028
0.000324667
-0.0011755
0.00112771
-0.00202488
0.00251344
-0.00297268
0.00252643
-0.00207077
0.00296826
-0.000926097
0.00219822
-0.000619771
-0.000127391
-0.000420773
-0.000232907
-0.000633564
-0.00169577
-0.000926097
0.000415928
-0.00151433
0.00327729
-0.003438
0.00319348
-0.00179539
0.00237332
-0.00196583
0.00386257
-0.00195192
0.00224896
-0.00195192
0.00386257
-0.00196583
0.00237332
-0.00179539
0.00319348
-0.003438
0.00327729
-0.00151433
0.000415928
-0.000926097
-0.00169577
-0.000633564
-0.000232907
-0.000420773
-0.000390687
-6.89341e-05
0.00134586
-0.000633564
0.00219822
-0.00161345
0.00200451
-0.0029762
0.00181404
-0.00232061
0.00106495
-0.000864231
0.000456615
-0.00198727
0.00072347
-0.000829962
0.00072347
-0.00198727
0.000456615
-0.000864231
0.00106495
-0.00232061
0.00181404
-0.0029762
0.00200451
-0.00161345
0.00219822
-0.000633564
0.00134586
-6.89341e-05
-0.000390687
-9.22072e-05
-0.000267666
-6.89341e-05
-0.000232907
-0.000619771
0.00084079
-0.00141236
0.00279695
-0.00222087
0.00287134
-0.00156342
0.00131577
-0.00150938
0.00249554
-0.00179403
0.00167854
-0.00179403
0.00249554
-0.00150938
0.00131577
-0.00156342
0.00287134
-0.00222087
0.00279695
-0.00141236
0.00084079
-0.000619771
-0.000232907
-6.89341e-05
-0.000267666
-9.22072e-05
0.000477663
-9.22072e-05
-0.000390687
-0.000420773
-0.000127391
-0.00067143
0.000921789
-0.00185659
0.00131419
-0.00208884
0.0013824
-0.000824725
0.00138999
-0.00140253
0.00178947
-0.00148035
0.00178947
-0.00140253
0.00138999
-0.000824725
0.0013824
-0.00208884
0.00131419
-0.00185659
0.000921789
-0.00067143
-0.000127391
-0.000420773
-0.000390687
-9.22072e-05
0.000477663
