2.26787e+26
6.15574e+26
1.52272e+28
-9.56265e+27
1.55096e+28
-1.00934e+28
1.87597e+28
-9.18778e+27
9.28389e+27
-6.28607e+27
5.94255e+27
-4.45721e+27
4.56892e+27
-2.84637e+27
2.1898e+27
-6.92269e+26
-9.70219e+25
1.22488e+27
-2.50049e+27
4.30812e+27
-4.41485e+27
3.07564e+27
-1.2283e+27
7.2224e+26
5.19211e+27
1.02614e+27
2.78843e+27
-4.83697e+27
7.14445e+27
1.41135e+27
8.52959e+26
4.15235e+26
6.88769e+26
1.6552e+28
-1.04264e+28
1.68664e+28
-1.0982e+28
2.03745e+28
-1.13223e+28
1.14324e+28
-7.7542e+27
7.32004e+27
-5.49885e+27
5.62383e+27
-3.51075e+27
2.70422e+27
-8.63919e+26
-1.08509e+26
1.48392e+27
-3.04439e+27
5.26422e+27
-5.40521e+27
3.77144e+27
-1.52317e+27
8.96071e+26
6.40012e+27
1.18761e+27
3.47809e+27
-6.05169e+27
8.85156e+27
1.74915e+27
1.21652e+27
3.60807e+27
5.32122e+27
-3.63099e+28
2.52264e+28
-3.96839e+28
3.24675e+28
-4.96534e+28
3.38299e+28
-3.35446e+28
2.51729e+28
-2.33657e+28
1.88772e+28
-1.84609e+28
1.3764e+28
-1.0968e+28
5.92269e+27
-2.42203e+27
-3.15369e+27
8.82945e+27
-1.31833e+28
1.2915e+28
-9.44118e+27
3.18053e+27
-7.16752e+26
-1.26262e+28
1.36035e+26
-9.5184e+27
1.24284e+28
-1.73899e+28
-2.15505e+27
-1.58712e+27
-4.45942e+27
-6.47229e+27
4.15746e+28
-2.63156e+28
4.44979e+28
-3.78172e+28
6.30541e+28
-4.42754e+28
4.7041e+28
-3.78843e+28
3.7071e+28
-3.15014e+28
3.17745e+28
-2.56346e+28
2.16181e+28
-1.48221e+28
9.45527e+27
8.02819e+26
-1.11112e+28
1.79367e+28
-1.74773e+28
1.34594e+28
-5.34018e+27
2.18605e+27
1.62431e+28
1.06671e+27
1.20861e+28
-1.61626e+28
2.27213e+28
3.59079e+27
2.59131e+27
4.38221e+27
6.3112e+27
-4.27477e+28
2.54759e+28
-4.36554e+28
3.75666e+28
-7.0663e+28
5.02125e+28
-5.65557e+28
4.7837e+28
-4.83141e+28
4.20724e+28
-4.32536e+28
3.58498e+28
-3.10278e+28
2.30389e+28
-1.61158e+28
2.37983e+27
1.14494e+28
-2.05432e+28
1.95676e+28
-1.51302e+28
6.1508e+27
-2.38355e+27
-2.10827e+28
-1.57742e+27
-1.45817e+28
2.14757e+28
-2.80591e+28
-4.9548e+27
-3.56264e+27
-3.9064e+27
-5.56261e+27
3.99412e+28
-2.13131e+28
3.74102e+28
-3.10861e+28
7.05667e+28
-4.97029e+28
5.8943e+28
-5.0804e+28
5.24755e+28
-4.54614e+28
4.7007e+28
-3.82177e+28
3.27932e+28
-2.39004e+28
1.62254e+28
-1.68396e+27
-1.28209e+28
2.25383e+28
-2.03715e+28
1.55028e+28
-5.77302e+27
1.64334e+27
2.50902e+28
2.48886e+27
1.59577e+28
-2.52879e+28
3.18024e+28
6.09954e+27
5.97593e+27
4.68085e+27
4.78017e+27
-3.44094e+28
1.52814e+28
-2.87909e+28
2.11688e+28
-6.48644e+28
4.43987e+28
-5.53669e+28
4.73646e+28
-4.99133e+28
4.19201e+28
-4.33508e+28
3.32428e+28
-2.73021e+28
1.79753e+28
-1.04189e+28
-2.75741e+27
1.55042e+28
-2.43585e+28
2.0343e+28
-1.48404e+28
4.20816e+27
2.28401e+26
-2.85163e+28
-2.96918e+27
-1.71753e+28
2.76448e+28
-3.38607e+28
-6.65036e+27
-6.5161e+27
-4.04846e+27
-4.13105e+27
2.91224e+28
-1.02259e+28
2.14818e+28
-1.25733e+28
5.84964e+28
-3.85836e+28
5.05359e+28
-4.23447e+28
4.54368e+28
-3.66971e+28
3.81574e+28
-2.73679e+28
2.1137e+28
-1.17528e+28
4.83351e+27
6.77266e+27
-1.79079e+28
2.55913e+28
-1.97026e+28
1.38119e+28
-2.48287e+27
-2.21872e+27
3.11419e+28
3.0564e+27
1.82651e+28
-2.92126e+28
3.47773e+28
6.9702e+27
6.82945e+27
3.60441e+27
3.6748e+27
-2.59797e+28
7.64396e+27
-1.75915e+28
8.30236e+27
-5.52633e+28
3.58003e+28
5.49261e+29
-8.07657e+29
6.07213e+29
-6.74725e+29
5.24362e+29
-5.13963e+29
2.7349e+29
-2.33727e+29
8.90917e+28
8.19201e+28
-3.71434e+29
4.5411e+29
-4.24826e+29
1.84635e+29
-2.21976e+29
-4.93287e+29
1.17524e+29
-2.1645e+29
2.9439e+28
-7.40038e+29
4.54433e+29
-1.56197e+29
-7.3046e+27
-3.30455e+27
4.21634e+29
-1.92864e+29
3.61717e+29
1.031e+29
4.77921e+29
-5.04935e+29
1.14433e+30
-5.41376e+29
7.9678e+29
-5.83484e+29
6.52128e+29
-5.06924e+29
5.0651e+29
-2.70315e+29
2.40716e+29
-1.03656e+29
-7.58489e+28
3.8079e+29
-4.67629e+29
4.38638e+29
-1.95485e+29
2.43065e+29
4.73416e+29
-8.91765e+28
1.84509e+29
-5.90214e+27
7.22005e+29
-4.41164e+29
1.46944e+29
7.9059e+27
3.14914e+27
-4.15124e+29
1.84161e+29
-3.47023e+29
-1.08774e+29
-5.48554e+29
1.26877e+29
-1.56961e+30
-1.04441e+29
-8.90949e+29
2.64717e+29
-5.53867e+29
1.9777e+29
-4.9741e+29
-7.50898e+28
-1.75528e+29
4.59606e+28
3.22411e+28
-6.1862e+29
6.13428e+29
-5.99314e+29
-4.28031e+28
-1.0058e+30
-1.15951e+30
-2.20223e+29
-9.09481e+28
-9.54658e+29
-1.37304e+30
3.21757e+29
2.38072e+29
-8.29632e+27
-3.14887e+27
7.26606e+29
1.14365e+29
7.46435e+29
1.08098e+30
5.86452e+29
7.24596e+28
1.77035e+30
4.31573e+29
9.42847e+29
-1.09196e+29
5.35274e+29
-1.69992e+29
4.74034e+29
9.77342e+28
1.55256e+29
-4.25581e+28
-4.8406e+28
6.5681e+29
-6.48129e+29
6.12555e+29
3.87705e+28
1.00979e+30
1.16288e+30
2.26434e+29
8.98875e+28
9.49065e+29
1.35484e+30
-3.27315e+29
-2.39508e+29
8.22491e+27
3.18236e+27
-7.20357e+29
-1.09439e+29
-7.40278e+29
-1.06996e+30
-5.78982e+29
-1.05864e+29
-1.7413e+30
-4.40095e+29
-9.51143e+29
1.15965e+29
-5.19686e+29
1.41214e+29
-4.64862e+29
-1.09147e+29
-1.43189e+29
4.93736e+28
6.92149e+28
-7.00774e+29
6.83317e+29
-6.25337e+29
-3.60661e+28
-1.00176e+30
-1.18027e+30
-2.32169e+29
-1.12908e+29
-9.18353e+29
-1.31353e+30
3.25138e+29
2.37438e+29
-8.2016e+27
-3.16679e+27
7.14601e+29
1.02621e+29
7.35264e+29
1.07523e+30
5.81998e+29
1.22496e+29
1.70224e+30
4.50501e+29
9.70321e+29
-1.22137e+29
5.00349e+29
-1.40203e+29
4.83444e+29
1.03224e+29
1.68091e+29
-8.18177e+28
2.56978e+29
-4.65137e+29
5.81037e+29
-3.70711e+29
3.45937e+29
-2.00156e+29
3.05708e+29
5.72198e+29
4.86131e+29
3.27623e+28
-2.02039e+29
2.84935e+29
3.20549e+29
8.56891e+27
3.17262e+27
-2.11124e+29
-4.46915e+29
-3.79639e+28
-7.25739e+28
-2.94103e+29
-8.27881e+29
4.41936e+28
-5.05185e+29
3.30257e+29
-4.25911e+29
1.83903e+29
-3.60899e+29
1.51835e+29
-1.00933e+29
-3.04181e+28
6.525e+28
-2.50609e+29
4.69652e+29
-5.7695e+29
3.69701e+29
-3.51648e+29
1.98447e+29
-3.03965e+29
-5.72005e+29
-4.96651e+29
-5.46643e+28
2.19529e+29
-2.82162e+29
-3.27542e+29
-8.6771e+27
-3.23232e+27
2.12804e+29
4.51213e+29
3.8963e+28
7.24042e+28
2.93361e+29
8.2565e+29
-4.85496e+28
5.08772e+29
-3.26806e+29
4.36939e+29
-1.98781e+29
3.7804e+29
-1.74272e+29
1.09819e+29
2.12781e+28
-4.97842e+28
2.46669e+29
-4.69054e+29
5.69865e+29
-3.67225e+29
3.55325e+29
-1.9432e+29
3.02018e+29
5.68699e+29
4.95902e+29
6.52124e+28
-2.14324e+29
2.79408e+29
3.24546e+29
8.56437e+27
3.24911e+27
-2.1221e+29
-4.53793e+29
-4.52387e+28
-7.29874e+28
-2.93452e+29
-8.17298e+29
5.34064e+28
-5.09797e+29
3.21959e+29
-4.44492e+29
2.14067e+29
-3.82627e+29
1.85164e+29
-1.12547e+29
-2.26925e+28
4.66049e+28
-2.49875e+29
4.6739e+29
-5.66107e+29
3.63865e+29
-3.55879e+29
1.92646e+29
-3.00257e+29
-5.67199e+29
-4.92945e+29
-6.60483e+28
2.08171e+29
-2.78577e+29
-3.1955e+29
-8.50554e+27
-3.18814e+27
2.09666e+29
4.5006e+29
5.65744e+28
7.44865e+28
2.97173e+29
8.08892e+29
-5.17255e+28
5.02019e+29
-3.21077e+29
4.4191e+29
-2.2458e+29
3.848e+29
-1.79912e+29
1.11794e+29
3.02326e+28
-5.46692e+28
2.5668e+29
-4.65759e+29
5.65765e+29
-3.61993e+29
3.54526e+29
-1.93277e+29
3.00497e+29
5.68583e+29
4.93807e+29
6.50397e+28
-2.09048e+29
2.76105e+29
3.18936e+29
-7.45482e+28
6.09371e+28
-2.12658e+29
-4.46216e+29
-5.47508e+28
-6.43272e+28
-3.11208e+29
-8.04146e+29
5.03562e+28
-4.93969e+29
3.13917e+29
-4.36671e+29
2.26883e+29
-3.90737e+29
1.78265e+29
-1.12901e+29
-3.45277e+28
6.40766e+28
-2.59891e+29
4.61109e+29
-5.63347e+29
3.62147e+29
-3.54378e+29
1.91868e+29
-3.02452e+29
-5.69184e+29
-4.93702e+29
-6.13447e+28
2.10688e+29
-2.7243e+29
-3.18807e+29
7.44612e+28
-6.18487e+28
2.16373e+29
4.44362e+29
5.28754e+28
6.13154e+28
3.13932e+29
7.9899e+29
-5.18138e+28
4.96322e+29
-3.1105e+29
4.40396e+29
-2.32215e+29
3.97439e+29
-1.86519e+29
1.25425e+29
2.98597e+28
-6.39887e+28
2.52609e+29
-4.48755e+29
5.51315e+29
-3.58013e+29
3.51959e+29
-1.86578e+29
3.00834e+29
5.69921e+29
4.89857e+29
6.05068e+28
-2.12566e+29
2.70681e+29
3.18591e+29
2.90384e+29
-2.08179e+29
-3.09417e+29
-1.34494e+30
9.65549e+29
2.8321e+30
-1.24413e+30
-2.47328e+30
1.8156e+30
9.11523e+28
2.22728e+30
-1.14255e+30
1.08126e+30
-1.29001e+30
9.95122e+29
3.52884e+29
-5.56929e+29
8.37835e+29
-1.57802e+30
3.3812e+30
-3.50775e+30
2.55168e+30
-1.45939e+30
3.35856e+30
1.42961e+29
-1.71422e+30
-2.56787e+30
2.17932e+30
2.74832e+30
-7.43358e+29
-2.06174e+30
1.56655e+29
2.02082e+29
2.99668e+29
1.35727e+30
-1.06208e+30
-2.69434e+30
1.23949e+30
2.56177e+30
-1.99685e+30
1.21692e+28
-2.34474e+30
1.27839e+30
-1.14832e+30
1.39612e+30
-1.13507e+30
-2.67486e+29
5.12616e+29
-8.19691e+29
1.54807e+30
-3.2273e+30
3.32284e+30
-2.4576e+30
1.41599e+30
-3.26551e+30
-2.41157e+29
1.77426e+30
2.44951e+30
-2.08678e+30
-2.77794e+30
8.08944e+29
2.04473e+30
-1.56408e+29
-2.00147e+29
-2.86666e+29
-1.43945e+30
1.17085e+30
2.48705e+30
-1.09518e+30
-2.71996e+30
2.20187e+30
-1.65214e+29
2.53041e+30
-1.47144e+30
1.25498e+30
-1.53807e+30
1.33591e+30
1.48611e+29
-5.72177e+29
8.32268e+29
-1.48834e+30
3.09092e+30
-3.08198e+30
2.34189e+30
-1.41718e+30
3.16524e+30
3.19597e+29
-1.82458e+30
-2.29439e+30
1.97868e+30
2.79051e+30
-9.03692e+29
-1.99504e+30
-1.41941e+30
1.83417e+29
2.9148e+29
1.64242e+30
-1.30326e+30
-2.20669e+30
7.31419e+29
2.97297e+30
-2.41346e+30
3.99574e+29
-2.77137e+30
1.69368e+30
-1.4049e+30
1.71806e+30
-1.61644e+30
1.92806e+29
3.95052e+29
-7.29213e+29
1.28635e+30
-2.77636e+30
2.89644e+30
-2.36181e+30
1.41044e+30
-3.07242e+30
-2.56735e+29
1.8104e+30
2.13214e+30
-1.91569e+30
-2.74069e+30
9.89518e+29
1.91334e+30
1.36202e+30
-1.73082e+29
-3.36595e+29
-1.97137e+30
1.47447e+30
1.81985e+30
-1.49125e+29
-3.29835e+30
2.61428e+30
-7.1384e+29
3.00583e+30
-1.8611e+30
1.54253e+30
-1.90736e+30
1.89655e+30
-6.61203e+29
1.53149e+29
4.08658e+29
-9.47636e+29
2.19385e+30
-2.75344e+30
2.50391e+30
-1.34955e+30
2.94778e+30
4.96206e+28
-1.69404e+30
-1.95278e+30
1.87621e+30
2.6031e+30
-1.04437e+30
-1.80525e+30
-1.28642e+30
1.59037e+29
3.81269e+29
2.29503e+30
-1.58401e+30
-1.30346e+30
-5.33797e+29
3.53211e+30
-2.68655e+30
9.8758e+29
-3.05209e+30
1.83297e+30
-1.56861e+30
1.97715e+30
-1.97573e+30
9.57469e+29
-5.45549e+29
-8.50101e+28
5.89417e+29
-1.66139e+30
2.47855e+30
-2.53051e+30
1.32297e+30
-2.75043e+30
1.96307e+29
1.43596e+30
1.74016e+30
-1.77412e+30
-2.3269e+30
1.00959e+30
1.62353e+30
1.15837e+30
-1.39194e+29
-3.37991e+29
-2.36578e+30
1.58471e+30
7.00992e+29
9.9173e+29
-3.47939e+30
2.51559e+30
-1.06332e+30
2.73965e+30
-1.56341e+30
1.37371e+30
-1.72494e+30
1.71297e+30
-8.57363e+29
4.6762e+29
1.77914e+28
-4.48352e+29
1.4029e+30
-2.13097e+30
2.34371e+30
-1.31283e+30
2.46403e+30
-4.04029e+29
-9.97337e+29
-1.48414e+30
1.53226e+30
1.84119e+30
-8.20999e+29
-1.31473e+30
-9.41214e+29
7.37164e+28
2.62554e+29
1.96666e+30
-1.75941e+30
-2.79714e+29
-1.03837e+30
3.11097e+30
-2.10004e+30
9.31161e+29
-2.1296e+30
1.12152e+30
-9.68171e+29
1.21977e+30
-1.18379e+30
4.7995e+29
-1.62003e+29
-2.2253e+29
5.76557e+29
-1.26668e+30
1.77784e+30
-2.00024e+30
1.19968e+30
-2.05561e+30
4.69565e+29
5.39925e+29
1.19027e+30
-1.17765e+30
-1.2739e+30
5.70432e+29
9.42656e+29
8.72345e+29
-4.86176e+29
-6.71633e+29
-1.38158e+30
2.04819e+30
2.66336e+29
8.70965e+29
-2.50214e+30
1.47417e+30
-6.62977e+29
1.41462e+30
-6.49985e+29
5.53004e+29
-7.33396e+29
6.3566e+29
-1.60013e+29
-3.89095e+28
3.78546e+29
-6.19092e+29
9.50238e+29
-1.23326e+30
1.43414e+30
-8.75273e+29
1.46117e+30
-3.41263e+29
-3.64188e+29
-8.41735e+29
7.61626e+29
9.12911e+29
-4.41002e+29
-6.6585e+29
-6.17725e+29
6.46256e+29
9.37434e+29
5.8918e+29
-1.36762e+30
-4.25377e+29
-3.54849e+29
1.22921e+30
-5.33624e+29
1.31171e+29
-5.43899e+29
-4.14965e+30
1.99845e+30
-4.16097e+30
3.37913e+30
-4.83665e+29
-1.30017e+30
2.85216e+30
-4.49129e+30
5.78384e+30
-8.10539e+30
8.15444e+30
-7.88121e+30
9.19305e+30
-7.60191e+29
-3.54845e+30
-5.24763e+30
5.11001e+30
7.72e+30
-4.27006e+30
-4.26831e+30
3.7152e+29
-3.98452e+29
8.59313e+29
5.55128e+29
-1.2514e+30
-3.85166e+29
-3.38792e+29
1.1333e+30
-4.96215e+29
1.32501e+29
-5.05731e+29
1.55101e+29
-1.54562e+29
2.46628e+29
-1.77739e+29
-5.41752e+27
4.62531e+28
-1.91423e+29
2.58458e+29
-3.15448e+29
3.99614e+29
-5.36142e+29
2.87714e+29
-6.11887e+29
8.22009e+28
2.58501e+29
3.58754e+29
-3.31796e+29
-5.03419e+29
2.1073e+29
3.7152e+29
1.47697e+29
