-6.29414e+30
3.27116e+32
-2.64629e+32
6.53818e+31
-9.78474e+31
2.13772e+32
-2.52392e+32
1.65086e+32
-1.93438e+32
9.61267e+31
-8.77664e+31
5.80269e+31
-6.44048e+31
8.38383e+31
1.19675e+31
-7.06969e+31
1.56776e+29
-1.00858e+32
2.80124e+32
-2.52512e+32
1.89314e+32
-2.39616e+32
1.55696e+32
-7.84485e+31
5.25773e+31
-4.27427e+31
1.74665e+31
-3.11946e+31
-7.949e+31
1.04546e+32
-5.0294e+31
3.27139e+32
-9.02944e+32
5.69938e+32
3.39267e+31
4.84408e+32
-4.74136e+32
6.23088e+32
-4.55099e+32
4.7159e+32
-3.30772e+32
2.16777e+32
-1.10048e+32
2.02424e+32
-2.35247e+32
-6.4946e+31
2.26479e+32
-5.74474e+31
3.5438e+32
-8.01358e+32
6.52799e+32
-4.98833e+32
6.68954e+32
-4.36026e+32
1.15801e+32
-2.31849e+32
2.29028e+32
1.67061e+32
2.38946e+32
2.68403e+31
-4.77605e+32
1.04546e+32
-5.12095e+32
1.5285e+33
-6.02923e+32
4.49234e+32
-8.55798e+32
6.07446e+32
-1.24725e+33
8.9004e+32
-7.87127e+32
6.91034e+32
-5.46181e+32
2.42881e+32
-3.85933e+32
4.20905e+32
-3.23465e+30
-2.78586e+32
1.59499e+32
-5.23851e+32
1.20038e+33
-1.26718e+33
8.65038e+32
-9.56076e+32
9.26032e+32
-3.30504e+32
4.84403e+31
-4.03307e+32
1.20015e+31
-7.58377e+31
5.35629e+32
-7.11079e+32
-9.82682e+31
5.33201e+32
6.52303e+33
-1.89758e+33
1.83938e+33
-3.97725e+33
1.31611e+33
-5.4539e+33
4.56499e+33
-3.08973e+33
3.51023e+33
-2.77091e+33
1.2503e+33
-1.86081e+33
2.02093e+33
-7.96182e+32
-1.73406e+33
2.83099e+33
-5.23455e+33
1.03612e+34
-1.26911e+34
9.27434e+33
-4.85453e+33
4.58609e+33
-2.35123e+33
1.73753e+32
-1.07152e+33
6.31813e+32
9.78026e+31
-2.17271e+33
2.45969e+33
9.82901e+31
-5.28006e+32
-1.53935e+34
5.30483e+33
-4.40014e+33
8.15858e+33
-2.88857e+33
1.44427e+34
-1.24091e+34
9.21952e+33
-9.74172e+33
8.0876e+33
-6.57917e+33
8.53171e+33
-9.07512e+33
4.00506e+33
3.19586e+33
-5.84272e+33
1.03556e+34
-1.97717e+34
2.44857e+34
-1.8872e+34
1.02515e+34
-8.46529e+33
4.37143e+33
-1.23947e+33
2.01233e+33
-5.21787e+32
6.02092e+32
4.15068e+33
-5.71084e+33
-1.70936e+32
5.16241e+32
2.34083e+34
-9.12769e+33
4.73757e+33
-9.21348e+33
4.44407e+33
-2.29525e+34
1.93509e+34
-1.64456e+34
1.71763e+34
-1.3771e+34
7.23977e+33
-9.63449e+33
9.83675e+33
-3.60987e+33
-4.28867e+33
6.29913e+33
-1.19126e+34
2.34369e+34
-2.80502e+34
2.12374e+34
-1.17758e+34
9.12494e+33
-4.6906e+33
2.03276e+33
-1.97216e+33
4.8688e+31
-1.17654e+33
-4.71703e+33
6.71252e+33
2.13507e+32
-4.16791e+32
-2.06398e+34
9.53193e+33
-3.20703e+33
5.04885e+33
-4.34407e+33
3.12575e+34
-2.38487e+34
2.25613e+34
-2.50808e+34
1.86522e+34
-8.96825e+33
1.34197e+34
-1.30248e+34
2.70715e+33
8.21569e+33
-9.0526e+33
1.77428e+34
-3.64672e+34
4.24158e+34
-3.01947e+34
1.73892e+34
-1.39166e+34
6.82563e+33
-2.69397e+33
3.36749e+33
-7.15419e+32
1.3263e+33
7.27268e+33
-8.86052e+33
3.45286e+33
-7.30858e+33
2.35791e+34
-1.2688e+34
3.13879e+33
1.93415e+33
1.01927e+33
-3.07775e+34
2.14335e+34
-2.10124e+34
2.50677e+34
-1.76695e+34
7.29716e+33
-1.23632e+34
1.12969e+34
-4.21787e+32
-1.02605e+34
1.05315e+34
-1.93264e+34
3.88627e+34
-4.52348e+34
3.13492e+34
-1.79775e+34
1.44943e+34
-7.04573e+33
2.44828e+33
-3.84e+33
1.78121e+33
-9.51259e+32
-7.91862e+33
7.74765e+33
-3.06055e+33
6.50565e+33
-2.10339e+34
1.12418e+34
-1.67244e+33
-6.32099e+33
2.36044e+33
2.93811e+34
-1.97994e+34
1.92547e+34
-2.37195e+34
1.63282e+34
-5.7431e+33
1.03897e+34
-8.90349e+33
-9.49388e+32
1.16649e+34
-1.29365e+34
2.06661e+34
-3.93858e+34
4.71902e+34
-3.27765e+34
1.84616e+34
-1.46357e+34
7.23617e+33
-2.59242e+33
4.08423e+33
-2.59051e+33
1.17365e+33
8.25378e+33
-6.88443e+33
2.76104e+33
-6.15831e+33
1.99209e+34
-9.90485e+33
9.66832e+31
8.73414e+33
-4.47142e+33
-2.76205e+34
1.83668e+34
-1.8023e+34
2.22916e+34
-1.51299e+34
4.28784e+33
-8.16703e+33
7.22108e+33
1.74077e+33
-1.32744e+34
1.45158e+34
-2.09879e+34
4.03321e+34
-4.88597e+34
3.32924e+34
-1.9078e+34
1.49465e+34
-7.28329e+33
2.99585e+33
-4.34397e+33
3.08067e+33
-1.65045e+33
-8.32831e+33
6.28366e+33
-2.54229e+33
5.91168e+33
-1.91644e+34
9.29905e+33
9.7881e+32
-1.0391e+34
5.4641e+33
2.63585e+34
-1.67425e+34
1.7114e+34
-2.19205e+34
1.41939e+34
-2.40249e+33
6.64586e+33
-6.70274e+33
-2.85064e+33
1.48857e+34
-1.45515e+34
2.09636e+34
-4.21671e+34
5.0019e+34
-3.34169e+34
1.99359e+34
-1.50892e+34
7.16062e+33
-3.72132e+33
4.79049e+33
-3.00853e+33
1.88227e+33
7.86521e+33
-5.99246e+33
2.44306e+33
-5.73502e+33
1.86366e+34
-9.18402e+33
-1.38716e+33
1.18325e+34
-6.06422e+33
-2.6126e+34
1.4908e+34
-1.6129e+34
2.28327e+34
-1.30662e+34
3.55472e+32
-6.61841e+33
6.23761e+33
4.31954e+33
-1.50959e+34
1.43558e+34
-2.17257e+34
4.31e+34
-5.06842e+34
3.4452e+34
-2.05563e+34
1.48173e+34
-7.25466e+33
4.48639e+33
-5.10752e+33
2.49549e+33
-1.65528e+33
-7.16178e+33
5.64271e+33
-2.33263e+33
5.73458e+33
-1.86564e+34
9.12181e+33
1.72735e+33
-1.2409e+34
6.58902e+33
2.56969e+34
-1.40912e+34
1.56053e+34
-2.28281e+34
1.21907e+34
9.74578e+31
6.95319e+33
-5.24015e+33
-5.04568e+33
1.41731e+34
-1.44642e+34
2.27042e+34
-4.33462e+34
5.12845e+34
-3.5298e+34
2.08066e+34
-1.48783e+34
7.65684e+33
-4.51797e+33
4.72687e+33
-2.55826e+33
1.62889e+33
7.42239e+33
-5.16312e+33
-4.63709e+33
1.73533e+34
1.91519e+34
-8.78174e+33
-2.20283e+33
1.12726e+34
-7.30952e+33
-2.34119e+34
1.55019e+34
-1.63322e+34
2.00446e+34
-1.25647e+34
1.92691e+33
-5.84851e+33
4.3552e+33
4.01826e+33
-1.34615e+34
1.45943e+34
-2.28732e+34
4.38892e+34
-5.18459e+34
3.49824e+34
-2.10828e+34
1.52919e+34
-7.92265e+33
4.04091e+33
-4.01113e+33
3.09653e+33
-1.8391e+33
-8.35971e+33
4.78542e+33
4.65435e+33
-1.89001e+34
-1.93882e+34
8.46711e+33
2.18804e+33
-1.02472e+34
8.01506e+33
2.157e+34
-1.66995e+34
1.72104e+34
-1.80819e+34
1.29257e+34
-3.89953e+33
5.48695e+33
-3.7735e+33
-2.72833e+33
1.22954e+34
-1.51987e+34
2.30545e+34
-4.33253e+34
5.21578e+34
-3.52057e+34
2.13289e+34
-1.5236e+34
7.92657e+33
-4.09227e+33
3.80392e+33
-2.67902e+33
1.33868e+33
8.396e+33
-4.28307e+33
-4.16509e+33
1.85057e+34
4.51829e+34
1.68901e+34
-2.02825e+34
-1.70696e+34
-5.22412e+34
-1.65426e+34
2.86862e+34
-2.44791e+33
6.44712e+33
-1.81078e+34
-1.24753e+33
1.06356e+34
-2.68025e+34
3.00479e+34
-4.20539e+34
5.96765e+34
-7.12366e+34
9.17174e+34
-1.06705e+35
7.54643e+34
-6.01329e+34
6.16818e+34
-2.14633e+34
2.40433e+34
-6.48824e+34
1.82202e+34
-2.26055e+34
9.94261e+33
9.36008e+33
2.74948e+33
-1.15173e+34
-4.46341e+34
-1.52926e+34
2.01946e+34
1.3841e+34
5.02444e+34
1.93081e+34
-2.39976e+34
1.54424e+33
-1.1444e+34
1.70042e+34
3.07977e+33
-5.74273e+33
2.37877e+34
-3.06709e+34
4.11524e+34
-5.91135e+34
7.15841e+34
-9.19471e+34
1.0672e+35
-7.50267e+34
5.99039e+34
-6.18776e+34
2.11332e+34
-2.37868e+34
6.53514e+34
-1.72894e+34
2.16559e+34
-1.06991e+34
-9.22394e+33
-3.18324e+33
1.15691e+34
4.44359e+34
1.44462e+34
-2.03623e+34
-1.23479e+34
-4.90627e+34
-2.00246e+34
2.20477e+34
-1.73786e+33
1.31384e+34
-1.70938e+34
-2.83838e+33
3.41049e+33
-2.08434e+34
2.97768e+34
-4.17333e+34
5.86862e+34
-7.16949e+34
9.32194e+34
-1.05853e+35
7.37104e+34
-6.2223e+34
6.21325e+34
-2.03983e+34
2.3551e+34
-6.58013e+34
1.70253e+34
-2.13385e+34
1.10002e+34
9.2319e+33
3.3017e+33
-1.12854e+34
-4.47551e+34
-1.51593e+34
1.98681e+34
1.33919e+34
4.98462e+34
2.00695e+34
-2.45428e+34
2.47075e+33
-1.15813e+34
1.84024e+34
1.41913e+32
-3.92254e+33
2.05608e+34
-2.79976e+34
4.21655e+34
-5.90092e+34
7.14749e+34
-9.36801e+34
1.05042e+35
-7.16916e+34
6.74802e+34
-6.18654e+34
1.9765e+34
-2.28928e+34
6.60414e+34
-1.73945e+34
2.11716e+34
-1.0857e+34
-8.99145e+33
-3.2515e+33
1.08556e+34
4.50583e+34
1.59124e+34
-1.86506e+34
-1.48057e+34
-5.09593e+34
-2.03717e+34
2.69686e+34
-2.76663e+33
1.04256e+34
-2.04583e+34
2.68621e+33
5.55745e+33
-2.18411e+34
2.61756e+34
-4.19164e+34
5.95434e+34
-7.09448e+34
9.27955e+34
-1.03936e+35
6.91693e+34
-7.40661e+34
6.05376e+34
-1.9223e+34
2.19965e+34
-6.58263e+34
1.76997e+34
-2.10397e+34
1.04169e+34
8.70713e+33
3.30985e+33
-1.09631e+34
-4.47904e+34
-1.47158e+34
1.74302e+34
1.50105e+34
4.99131e+34
2.36646e+34
-2.90158e+34
2.98707e+33
-1.16134e+34
2.29604e+34
-4.3979e+33
-6.55985e+33
2.15716e+34
-2.3273e+34
4.10139e+34
-5.99214e+34
6.96418e+34
-9.03039e+34
1.02193e+35
-6.78446e+34
7.67658e+34
-5.90311e+34
1.88861e+34
-2.10931e+34
6.47948e+34
-1.74815e+34
2.10132e+34
-9.69657e+33
-8.88342e+33
-3.54789e+33
1.12742e+34
1.62115e+35
-8.31135e+34
-1.59076e+33
3.29401e+34
-2.89413e+34
-1.826e+35
1.44296e+35
-1.41594e+35
1.73041e+35
-1.33717e+35
7.61287e+34
-8.79247e+34
6.81413e+34
-3.67762e+34
-3.3692e+34
9.29457e+34
-1.33904e+35
2.24148e+35
-2.93894e+35
2.26236e+35
-2.12048e+35
9.08988e+34
-2.52469e+34
6.63823e+33
-3.65756e+33
-5.02323e+34
8.09319e+33
-5.02e+34
5.82934e+34
3.87073e+33
-1.13858e+34
-1.6479e+35
9.83155e+34
-8.03228e+33
-2.17359e+34
4.0223e+33
2.02334e+35
-1.53045e+35
1.54623e+35
-1.92047e+35
1.47856e+35
-8.75689e+34
1.02495e+35
-7.6268e+34
5.00027e+34
8.44187e+33
-8.66003e+34
1.28912e+35
-1.96289e+35
2.80658e+35
-2.29726e+35
2.0075e+35
-8.75105e+34
2.83127e+34
-3.25404e+33
2.13674e+33
4.86272e+34
-1.02868e+34
5.2909e+34
-6.15833e+34
-3.85911e+33
1.30696e+34
1.79614e+35
-1.08772e+35
1.88017e+34
-7.89737e+33
2.27107e+34
-2.18991e+35
1.71375e+35
-1.71598e+35
2.06469e+35
-1.58233e+35
9.98078e+34
-1.20777e+35
8.92105e+34
-5.75688e+34
1.4023e+34
6.20298e+34
-1.18095e+35
1.795e+35
-2.56486e+35
2.21532e+35
-2.00616e+35
8.43147e+34
-2.79244e+34
5.0844e+33
-1.51056e+33
-4.98564e+34
8.44362e+33
-5.31264e+34
6.93036e+34
3.90414e+33
-1.82616e+34
-2.06623e+35
1.08968e+35
-3.08148e+34
5.43059e+34
-4.47799e+34
2.29126e+35
-1.96119e+35
1.84932e+35
-2.09355e+35
1.66043e+35
-1.09848e+35
1.26834e+35
-1.03989e+35
6.76028e+34
-2.43428e+34
-3.02709e+34
9.71772e+34
-1.7422e+35
2.26333e+35
-1.98409e+35
2.08326e+35
-8.12462e+34
2.44759e+34
-1.347e+34
2.76666e+32
5.57138e+34
-7.25133e+31
4.84221e+34
-8.1832e+34
2.75737e+33
-6.14556e+33
2.17268e+35
-1.03298e+35
5.64999e+34
-9.3268e+34
5.60373e+34
-2.37807e+35
2.1349e+35
-1.84747e+35
2.00994e+35
-1.67233e+35
1.11838e+35
-1.16119e+35
1.07591e+35
-8.04964e+34
3.07785e+34
1.40275e+34
-7.50565e+34
1.58325e+35
-1.99153e+35
1.74399e+35
-2.03787e+35
7.70622e+34
-2.26312e+34
1.98842e+34
-3.99803e+32
-5.71102e+34
-6.32399e+33
-4.13073e+34
8.64515e+34
-4.08777e+33
7.1565e+33
-1.92832e+35
1.00421e+35
-8.79501e+34
1.0534e+35
-6.3188e+34
2.39939e+35
-2.07411e+35
1.6754e+35
-1.82371e+35
1.53942e+35
-1.01678e+35
9.64835e+34
-9.35322e+34
8.39825e+34
-3.72303e+34
-1.64692e+34
5.95292e+34
-1.24183e+35
1.75002e+35
-1.55815e+35
1.76881e+35
-7.03656e+34
2.43272e+34
-1.77065e+34
3.07686e+33
4.70833e+34
3.0198e+33
3.49887e+34
-2.01448e+35
5.09014e+33
-7.04523e+33
8.76739e+35
-1.1998e+36
1.00715e+36
-9.73492e+35
1.16286e+36
-1.98547e+36
2.11387e+36
-1.69798e+36
1.58409e+36
-1.382e+36
9.75257e+35
-7.40002e+35
6.38797e+35
-4.61574e+35
2.57116e+34
5.54e+35
-1.06389e+36
1.62662e+36
-2.06895e+36
2.15186e+36
-1.96993e+36
1.25028e+36
-5.89848e+35
4.70048e+35
-4.16032e+35
1.20664e+35
4.49234e+34
-2.3842e+35
2.19017e+35
-4.95064e+33
4.88695e+33
-8.91347e+35
1.00398e+36
-5.86992e+35
9.23861e+35
-1.14864e+36
1.41756e+36
-1.51935e+36
1.28146e+36
-1.11807e+36
9.42516e+35
-9.61477e+35
7.2209e+35
-6.37671e+35
4.02932e+35
8.29355e+34
-5.96065e+35
1.07901e+36
-1.71593e+36
2.18607e+36
-2.25418e+36
2.03446e+36
-1.31666e+36
6.8132e+35
-5.49725e+35
4.05018e+35
-1.13383e+35
-7.88373e+33
2.18264e+35
-2.22384e+35
3.29581e+33
-1.31923e+33
1.13766e+36
-9.55124e+35
1.87892e+35
-1.02522e+36
1.2494e+36
-1.07718e+36
1.28411e+36
-1.16375e+36
9.01768e+35
-7.36949e+35
5.07303e+35
-3.82795e+35
3.68302e+35
-1.87647e+35
-1.21987e+35
3.33981e+35
-5.84533e+35
1.01163e+36
-1.27258e+36
1.27632e+36
-1.14864e+36
6.97356e+35
-3.93537e+35
3.61302e+35
-1.51776e+35
-2.23456e+34
-7.28165e+34
-1.5373e+35
2.62874e+35
-1.70715e+33
2.46331e+34
-1.31923e+33
6.20644e+33
-9.65261e+33
-6.86254e+33
-1.13911e+34
6.04423e+33
1.28747e+33
6.8344e+33
-5.27414e+33
-6.31778e+32
-2.13835e+33
3.94649e+33
-4.04522e+33
5.50606e+33
-6.87396e+33
7.11571e+33
-7.94326e+33
8.04809e+33
-6.39016e+33
3.73038e+33
-8.19852e+33
9.02514e+33
-1.43581e+33
3.00301e+33
5.92353e+34
-1.63327e+34
5.25852e+33
3.29403e+34
-3.69747e+34
9.71717e+33
