0.000556108
-0.000198126
-0.00034428
-0.00131639
0.000709403
-0.00136759
0.00118023
-0.00219485
0.00136908
-0.00142506
0.00300793
-0.00190295
0.00232569
-0.00194459
0.00440474
-0.0039971
0.00440474
-0.00194459
0.00232569
-0.00190295
0.00300793
-0.00142506
0.00136908
-0.00219485
0.00118023
-0.00136759
0.000709403
-0.00131639
-0.00034428
-0.000198126
0.000556108
-0.000198126
0.00020195
-0.00114434
0.000736952
-0.00151453
0.00172688
-0.000916713
0.00274107
-0.00136246
0.00185296
-0.00238728
0.00287988
-0.00233318
0.00247283
-0.00385986
0.00431354
-0.00385986
0.00247283
-0.00233318
0.00287988
-0.00238728
0.00185296
-0.00136246
0.00274107
-0.000916713
0.00172688
-0.00151453
0.000736952
-0.00114434
0.00020195
-0.000198126
-0.00034428
-0.00114434
0.00425205
-0.00146638
0.00309045
-0.0022341
-0.00033604
-0.00119889
-5.30999e-05
-0.00109651
0.000352773
-0.00229292
0.00124735
-0.00225302
0.00235264
-0.00352139
0.00235264
-0.00225302
0.00124735
-0.00229292
0.000352773
-0.00109651
-5.30999e-05
-0.00119889
-0.00033604
-0.0022341
0.00309045
-0.00146638
0.00425205
-0.00114434
-0.00034428
-0.00131639
0.000736952
-0.00146638
-0.00162333
-0.000433926
0.000622376
-0.001694
0.0028663
-0.0028126
0.00402052
-0.00311807
0.00563193
-0.00416538
0.00540045
-0.00410356
0.00582196
-0.00410356
0.00540045
-0.00416538
0.00563193
-0.00311807
0.00402052
-0.0028126
0.0028663
-0.001694
0.000622376
-0.000433926
-0.00162333
-0.00146638
0.000736952
-0.00131639
0.000709403
-0.00151453
0.00309045
-0.000433926
0.00199874
-0.00147631
0.00169564
-0.00157041
0.002086
-0.00277363
0.00130133
-0.00372437
0.00281446
-0.00407474
0.00208281
-0.00351928
0.00208281
-0.00407474
0.00281446
-0.00372437
0.00130133
-0.00277363
0.002086
-0.00157041
0.00169564
-0.00147631
0.00199874
-0.000433926
0.00309045
-0.00151453
0.000709403
-0.00136759
0.00172688
-0.0022341
0.000622376
-0.00147631
0.00141392
-0.00194597
0.00130082
-0.00267185
0.00279565
-0.00194572
0.00362711
-0.00371744
0.00419025
-0.0023109
0.00286805
-0.0023109
0.00419025
-0.00371744
0.00362711
-0.00194572
0.00279565
-0.00267185
0.00130082
-0.00194597
0.00141392
-0.00147631
0.000622376
-0.0022341
0.00172688
-0.00136759
0.00118023
-0.000916713
-0.00033604
-0.001694
0.00169564
-0.00194597
0.00429336
-0.00319656
0.00475849
-0.00293856
0.00284081
-0.00312451
0.00393409
-0.00319736
0.00152124
-0.0011336
0.00152124
-0.00319736
0.00393409
-0.00312451
0.00284081
-0.00293856
0.00475849
-0.00319656
0.00429336
-0.00194597
0.00169564
-0.001694
-0.00033604
-0.000916713
0.00118023
-0.00219485
0.00274107
-0.00119889
0.0028663
-0.00157041
0.00130082
-0.00319656
0.000737461
-0.00244912
0.00120606
-0.00202409
0.00181346
-0.00301371
0.00226035
-0.000818761
2.84048e-05
-0.000818761
0.00226035
-0.00301371
0.00181346
-0.00202409
0.00120606
-0.00244912
0.000737461
-0.00319656
0.00130082
-0.00157041
0.0028663
-0.00119889
0.00274107
-0.00219485
0.00136908
-0.00136246
-5.30999e-05
-0.0028126
0.002086
-0.00267185
0.00475849
-0.00244912
0.00370823
-0.00254808
0.00304318
-0.0020404
0.00298392
-0.0018597
0.000458251
0.000584204
0.000458251
-0.0018597
0.00298392
-0.0020404
0.00304318
-0.00254808
0.00370823
-0.00244912
0.00475849
-0.00267185
0.002086
-0.0028126
-5.30999e-05
-0.00136246
0.00136908
-0.00142506
0.00185296
-0.00109651
0.00402052
-0.00277363
0.00279565
-0.00293856
0.00120606
-0.00254808
0.00165041
-0.00212945
0.000542737
-0.00205227
0.000778921
-7.10762e-05
-0.00164484
-7.10762e-05
0.000778921
-0.00205227
0.000542737
-0.00212945
0.00165041
-0.00254808
0.00120606
-0.00293856
0.00279565
-0.00277363
0.00402052
-0.00109651
0.00185296
-0.00142506
0.00300793
-0.00238728
0.000352773
-0.00311807
0.00130133
-0.00194572
0.00284081
-0.00202409
0.00304318
-0.00212945
0.00285903
-0.00112714
0.00274498
-0.00127019
0.000867473
0.000981958
0.000867473
-0.00127019
0.00274498
-0.00112714
0.00285903
-0.00212945
0.00304318
-0.00202409
0.00284081
-0.00194572
0.00130133
-0.00311807
0.000352773
-0.00238728
0.00300793
-0.00190295
0.00287988
-0.00229292
0.00563193
-0.00372437
0.00362711
-0.00312451
0.00181346
-0.0020404
0.000542737
-0.00112714
-0.00112074
-0.000788054
-0.000904961
0.000792691
-0.00322369
0.000792691
-0.000904961
-0.000788054
-0.00112074
-0.00112714
0.000542737
-0.0020404
0.00181346
-0.00312451
0.00362711
-0.00372437
0.00563193
-0.00229292
0.00287988
-0.00190295
0.00232569
-0.00233318
0.00124735
-0.00416538
0.00281446
-0.00371744
0.00393409
-0.00301371
0.00298392
-0.00205227
0.00274498
-0.000788054
0.00221844
-0.000746854
0.00043755
0.00123304
0.00043755
-0.000746854
0.00221844
-0.000788054
0.00274498
-0.00205227
0.00298392
-0.00301371
0.00393409
-0.00371744
0.00281446
-0.00416538
0.00124735
-0.00233318
0.00232569
-0.00194459
0.00247283
-0.00225302
0.00540045
-0.00407474
0.00419025
-0.00319736
0.00226035
-0.0018597
0.000778921
-0.00127019
-0.000904961
-0.000746854
-0.00109939
0.000336841
-0.00393222
0.000336841
-0.00109939
-0.000746854
-0.000904961
-0.00127019
0.000778921
-0.0018597
0.00226035
-0.00319736
0.00419025
-0.00407474
0.00540045
-0.00225302
0.00247283
-0.00194459
0.00440474
-0.00385986
0.00235264
-0.00410356
0.00208281
-0.0023109
0.00152124
-0.000818761
0.000458251
-7.10762e-05
0.000867473
0.000792691
0.00043755
0.000336841
-0.00219543
-0.00131571
-0.00219543
0.000336841
0.00043755
0.000792691
0.000867473
-7.10762e-05
0.000458251
-0.000818761
0.00152124
-0.0023109
0.00208281
-0.00410356
0.00235264
-0.00385986
0.00440474
-0.0039971
0.00431354
-0.00352139
0.00582196
-0.00351928
0.00286805
-0.0011336
2.84048e-05
0.000584204
-0.00164484
0.000981958
-0.00322369
0.00123304
-0.00393222
-0.00131571
-0.0270238
-0.00131571
-0.00393222
0.00123304
-0.00322369
0.000981958
-0.00164484
0.000584204
2.84048e-05
-0.0011336
0.00286805
-0.00351928
0.00582196
-0.00352139
0.00431354
-0.0039971
0.00440474
-0.00385986
0.00235264
-0.00410356
0.00208281
-0.0023109
0.00152124
-0.000818761
0.000458251
-7.10762e-05
0.000867473
0.000792691
0.00043755
0.000336841
-0.00219543
-0.00131571
-0.00219543
0.000336841
0.00043755
0.000792691
0.000867473
-7.10762e-05
0.000458251
-0.000818761
0.00152124
-0.0023109
0.00208281
-0.00410356
0.00235264
-0.00385986
0.00440474
-0.00194459
0.00247283
-0.00225302
0.00540045
-0.00407474
0.00419025
-0.00319736
0.00226035
-0.0018597
0.000778921
-0.00127019
-0.000904961
-0.000746854
-0.00109939
0.000336841
-0.00393222
0.000336841
-0.00109939
-0.000746854
-0.000904961
-0.00127019
0.000778921
-0.0018597
0.00226035
-0.00319736
0.00419025
-0.00407474
0.00540045
-0.00225302
0.00247283
-0.00194459
0.00232569
-0.00233318
0.00124735
-0.00416538
0.00281446
-0.00371744
0.00393409
-0.00301371
0.00298392
-0.00205227
0.00274498
-0.000788054
0.00221844
-0.000746854
0.00043755
0.00123304
0.00043755
-0.000746854
0.00221844
-0.000788054
0.00274498
-0.00205227
0.00298392
-0.00301371
0.00393409
-0.00371744
0.00281446
-0.00416538
0.00124735
-0.00233318
0.00232569
-0.00190295
0.00287988
-0.00229292
0.00563193
-0.00372437
0.00362711
-0.00312451
0.00181346
-0.0020404
0.000542737
-0.00112714
-0.00112074
-0.000788054
-0.000904961
0.000792691
-0.00322369
0.000792691
-0.000904961
-0.000788054
-0.00112074
-0.00112714
0.000542737
-0.0020404
0.00181346
-0.00312451
0.00362711
-0.00372437
0.00563193
-0.00229292
0.00287988
-0.00190295
0.00300793
-0.00238728
0.000352773
-0.00311807
0.00130133
-0.00194572
0.00284081
-0.00202409
0.00304318
-0.00212945
0.00285903
-0.00112714
0.00274498
-0.00127019
0.000867473
0.000981958
0.000867473
-0.00127019
0.00274498
-0.00112714
0.00285903
-0.00212945
0.00304318
-0.00202409
0.00284081
-0.00194572
0.00130133
-0.00311807
0.000352773
-0.00238728
0.00300793
-0.00142506
0.00185296
-0.00109651
0.00402052
-0.00277363
0.00279565
-0.00293856
0.00120606
-0.00254808
0.00165041
-0.00212945
0.000542737
-0.00205227
0.000778921
-7.10762e-05
-0.00164484
-7.10762e-05
0.000778921
-0.00205227
0.000542737
-0.00212945
0.00165041
-0.00254808
0.00120606
-0.00293856
0.00279565
-0.00277363
0.00402052
-0.00109651
0.00185296
-0.00142506
0.00136908
-0.00136246
-5.30999e-05
-0.0028126
0.002086
-0.00267185
0.00475849
-0.00244912
0.00370823
-0.00254808
0.00304318
-0.0020404
0.00298392
-0.0018597
0.000458251
0.000584204
0.000458251
-0.0018597
0.00298392
-0.0020404
0.00304318
-0.00254808
0.00370823
-0.00244912
0.00475849
-0.00267185
0.002086
-0.0028126
-5.30999e-05
-0.00136246
0.00136908
-0.00219485
0.00274107
-0.00119889
0.0028663
-0.00157041
0.00130082
-0.00319656
0.000737461
-0.00244912
0.00120606
-0.00202409
0.00181346
-0.00301371
0.00226035
-0.000818761
2.84048e-05
-0.000818761
0.00226035
-0.00301371
0.00181346
-0.00202409
0.00120606
-0.00244912
0.000737461
-0.00319656
0.00130082
-0.00157041
0.0028663
-0.00119889
0.00274107
-0.00219485
0.00118023
-0.000916713
-0.00033604
-0.001694
0.00169564
-0.00194597
0.00429336
-0.00319656
0.00475849
-0.00293856
0.00284081
-0.00312451
0.00393409
-0.00319736
0.00152124
-0.0011336
0.00152124
-0.00319736
0.00393409
-0.00312451
0.00284081
-0.00293856
0.00475849
-0.00319656
0.00429336
-0.00194597
0.00169564
-0.001694
-0.00033604
-0.000916713
0.00118023
-0.00136759
0.00172688
-0.0022341
0.000622376
-0.00147631
0.00141392
-0.00194597
0.00130082
-0.00267185
0.00279565
-0.00194572
0.00362711
-0.00371744
0.00419025
-0.0023109
0.00286805
-0.0023109
0.00419025
-0.00371744
0.00362711
-0.00194572
0.00279565
-0.00267185
0.00130082
-0.00194597
0.00141392
-0.00147631
0.000622376
-0.0022341
0.00172688
-0.00136759
0.000709403
-0.00151453
0.00309045
-0.000433926
0.00199874
-0.00147631
0.00169564
-0.00157041
0.002086
-0.00277363
0.00130133
-0.00372437
0.00281446
-0.00407474
0.00208281
-0.00351928
0.00208281
-0.00407474
0.00281446
-0.00372437
0.00130133
-0.00277363
0.002086
-0.00157041
0.00169564
-0.00147631
0.00199874
-0.000433926
0.00309045
-0.00151453
0.000709403
-0.00131639
0.000736952
-0.00146638
-0.00162333
-0.000433926
0.000622376
-0.001694
0.0028663
-0.0028126
0.00402052
-0.00311807
0.00563193
-0.00416538
0.00540045
-0.00410356
0.00582196
-0.00410356
0.00540045
-0.00416538
0.00563193
-0.00311807
0.00402052
-0.0028126
0.0028663
-0.001694
0.000622376
-0.000433926
-0.00162333
-0.00146638
0.000736952
-0.00131639
-0.00034428
-0.00114434
0.00425205
-0.00146638
0.00309045
-0.0022341
-0.00033604
-0.00119889
-5.30999e-05
-0.00109651
0.000352773
-0.00229292
0.00124735
-0.00225302
0.00235264
-0.00352139
0.00235264
-0.00225302
0.00124735
-0.00229292
0.000352773
-0.00109651
-5.30999e-05
-0.00119889
-0.00033604
-0.0022341
0.00309045
-0.00146638
0.00425205
-0.00114434
-0.00034428
-0.000198126
0.00020195
-0.00114434
0.000736952
-0.00151453
0.00172688
-0.000916713
0.00274107
-0.00136246
0.00185296
-0.00238728
0.00287988
-0.00233318
0.00247283
-0.00385986
0.00431354
-0.00385986
0.00247283
-0.00233318
0.00287988
-0.00238728
0.00185296
-0.00136246
0.00274107
-0.000916713
0.00172688
-0.00151453
0.000736952
-0.00114434
0.00020195
-0.000198126
0.000556108
-0.000198126
-0.00034428
-0.00131639
0.000709403
-0.00136759
0.00118023
-0.00219485
0.00136908
-0.00142506
0.00300793
-0.00190295
0.00232569
-0.00194459
0.00440474
-0.0039971
0.00440474
-0.00194459
0.00232569
-0.00190295
0.00300793
-0.00142506
0.00136908
-0.00219485
0.00118023
-0.00136759
0.000709403
-0.00131639
-0.00034428
-0.000198126
0.000556108
