0.00110116
-0.00118042
0.000714653
-0.000419
0.00077605
-0.000939501
0.000517451
-0.000615748
0.00130964
-0.00118457
0.00143485
-0.00128235
0.00165667
-0.000726336
0.000883284
-0.00115134
0.000883284
-0.000726336
0.00165667
-0.00128235
0.00143485
-0.00118457
0.00130964
-0.000615748
0.000517451
-0.000939501
0.00077605
-0.000419
0.000714653
-0.00118042
0.00110116
-0.00118042
0.00121652
-0.000489268
0.000967466
-0.00090206
0.00156703
-0.000611015
0.00107136
-0.0015018
0.00108754
-0.00168084
0.00158122
-0.00133568
0.000963026
-0.00130927
0.00108709
-0.00130927
0.000963026
-0.00133568
0.00158122
-0.00168084
0.00108754
-0.0015018
0.00107136
-0.000611015
0.00156703
-0.00090206
0.000967466
-0.000489268
0.00121652
-0.00118042
0.000714653
-0.000489268
-0.000633127
-0.000460774
6.04683e-05
-0.00126938
0.000210506
-0.00132651
0.00176884
-0.00120076
0.00216799
-0.00216467
0.00126907
-0.00173719
0.00242149
-0.00194893
0.00242149
-0.00173719
0.00126907
-0.00216467
0.00216799
-0.00120076
0.00176884
-0.00132651
0.000210506
-0.00126938
6.04683e-05
-0.000460774
-0.000633127
-0.000489268
0.000714653
-0.000419
0.000967466
-0.000460774
0.002094
-0.00171994
0.00284711
-0.00160299
0.00222905
-0.00216856
0.00145455
-0.00253408
0.00282604
-0.00166619
0.00240977
-0.0025437
0.00132892
-0.0025437
0.00240977
-0.00166619
0.00282604
-0.00253408
0.00145455
-0.00216856
0.00222905
-0.00160299
0.00284711
-0.00171994
0.002094
-0.000460774
0.000967466
-0.000419
0.00077605
-0.00090206
6.04683e-05
-0.00171994
0.001243
-0.00233359
0.00120796
-0.0021182
0.00212012
-0.00141405
0.00273727
-0.00272748
0.00123175
-0.00218792
0.00290027
-0.00185992
0.00290027
-0.00218792
0.00123175
-0.00272748
0.00273727
-0.00141405
0.00212012
-0.0021182
0.00120796
-0.00233359
0.001243
-0.00171994
6.04683e-05
-0.00090206
0.00077605
-0.000939501
0.00156703
-0.00126938
0.00284711
-0.00233359
0.00289762
-0.00169253
0.0019179
-0.00161666
0.00111516
-0.00218133
0.00230516
-0.00100609
0.00190033
-0.00200074
0.000589653
-0.00200074
0.00190033
-0.00100609
0.00230516
-0.00218133
0.00111516
-0.00161666
0.0019179
-0.00169253
0.00289762
-0.00233359
0.00284711
-0.00126938
0.00156703
-0.000939501
0.000517451
-0.000611015
0.000210506
-0.00160299
0.00120796
-0.00169253
0.00102527
-0.00181687
0.0018427
-0.0016903
0.00234309
-0.00235552
0.000931599
-0.00236431
0.00283166
-0.00191763
0.00283166
-0.00236431
0.000931599
-0.00235552
0.00234309
-0.0016903
0.0018427
-0.00181687
0.00102527
-0.00169253
0.00120796
-0.00160299
0.000210506
-0.000611015
0.000517451
-0.000615748
0.00107136
-0.00132651
0.00222905
-0.0021182
0.0019179
-0.00181687
0.00207491
-0.00167351
0.00149532
-0.00161682
0.00207726
-0.00103838
0.00218998
-0.00185574
0.00100476
-0.00185574
0.00218998
-0.00103838
0.00207726
-0.00161682
0.00149532
-0.00167351
0.00207491
-0.00181687
0.0019179
-0.0021182
0.00222905
-0.00132651
0.00107136
-0.000615748
0.00130964
-0.0015018
0.00176884
-0.00216856
0.00212012
-0.00161666
0.0018427
-0.00167351
0.000902474
-0.00082091
0.00065324
-0.00134981
0.00014171
-0.00134428
0.000770794
-0.000205762
0.000770794
-0.00134428
0.00014171
-0.00134981
0.00065324
-0.00082091
0.000902474
-0.00167351
0.0018427
-0.00161666
0.00212012
-0.00216856
0.00176884
-0.0015018
0.00130964
-0.00118457
0.00108754
-0.00120076
0.00145455
-0.00141405
0.00111516
-0.0016903
0.00149532
-0.00082091
0.00126246
-0.00139886
0.00193895
-0.000365578
0.00183662
-0.00140392
0.000595817
-0.00140392
0.00183662
-0.000365578
0.00193895
-0.00139886
0.00126246
-0.00082091
0.00149532
-0.0016903
0.00111516
-0.00141405
0.00145455
-0.00120076
0.00108754
-0.00118457
0.00143485
-0.00168084
0.00216799
-0.00253408
0.00273727
-0.00218133
0.00234309
-0.00161682
0.00065324
-0.00139886
0.000493121
-0.00105645
-0.000142147
-0.00141518
0.000577095
-0.000305171
0.000577095
-0.00141518
-0.000142147
-0.00105645
0.000493121
-0.00139886
0.00065324
-0.00161682
0.00234309
-0.00218133
0.00273727
-0.00253408
0.00216799
-0.00168084
0.00143485
-0.00128235
0.00158122
-0.00216467
0.00282604
-0.00272748
0.00230516
-0.00235552
0.00207726
-0.00134981
0.00193895
-0.00105645
0.00144201
-0.000608193
0.00184455
-0.00101737
0.000308584
-0.00101737
0.00184455
-0.000608193
0.00144201
-0.00105645
0.00193895
-0.00134981
0.00207726
-0.00235552
0.00230516
-0.00272748
0.00282604
-0.00216467
0.00158122
-0.00128235
0.00165667
-0.00133568
0.00126907
-0.00166619
0.00123175
-0.00100609
0.000931599
-0.00103838
0.00014171
-0.000365578
-0.000142147
-0.000608193
9.99523e-06
-0.00100534
0.000196202
-0.000606863
0.000196202
-0.00100534
9.99523e-06
-0.000608193
-0.000142147
-0.000365578
0.00014171
-0.00103838
0.000931599
-0.00100609
0.00123175
-0.00166619
0.00126907
-0.00133568
0.00165667
-0.000726336
0.000963026
-0.00173719
0.00240977
-0.00218792
0.00190033
-0.00236431
0.00218998
-0.00134428
0.00183662
-0.00141518
0.00184455
-0.00100534
0.0019635
-0.00193162
-7.26514e-05
-0.00193162
0.0019635
-0.00100534
0.00184455
-0.00141518
0.00183662
-0.00134428
0.00218998
-0.00236431
0.00190033
-0.00218792
0.00240977
-0.00173719
0.000963026
-0.000726336
0.000883284
-0.00130927
0.00242149
-0.0025437
0.00290027
-0.00200074
0.00283166
-0.00185574
0.000770794
-0.00140392
0.000577095
-0.00101737
0.000196202
-0.00193162
-0.000846042
-0.00447453
-0.000846042
-0.00193162
0.000196202
-0.00101737
0.000577095
-0.00140392
0.000770794
-0.00185574
0.00283166
-0.00200074
0.00290027
-0.0025437
0.00242149
-0.00130927
0.000883284
-0.00115134
0.00108709
-0.00194893
0.00132892
-0.00185992
0.000589653
-0.00191763
0.00100476
-0.000205762
0.000595817
-0.000305171
0.000308584
-0.000606863
-7.26514e-05
-0.00447453
-0.0217432
-0.00447453
-7.26514e-05
-0.000606863
0.000308584
-0.000305171
0.000595817
-0.000205762
0.00100476
-0.00191763
0.000589653
-0.00185992
0.00132892
-0.00194893
0.00108709
-0.00115134
0.000883284
-0.00130927
0.00242149
-0.0025437
0.00290027
-0.00200074
0.00283166
-0.00185574
0.000770794
-0.00140392
0.000577095
-0.00101737
0.000196202
-0.00193162
-0.000846042
-0.00447453
-0.000846042
-0.00193162
0.000196202
-0.00101737
0.000577095
-0.00140392
0.000770794
-0.00185574
0.00283166
-0.00200074
0.00290027
-0.0025437
0.00242149
-0.00130927
0.000883284
-0.000726336
0.000963026
-0.00173719
0.00240977
-0.00218792
0.00190033
-0.00236431
0.00218998
-0.00134428
0.00183662
-0.00141518
0.00184455
-0.00100534
0.0019635
-0.00193162
-7.26514e-05
-0.00193162
0.0019635
-0.00100534
0.00184455
-0.00141518
0.00183662
-0.00134428
0.00218998
-0.00236431
0.00190033
-0.00218792
0.00240977
-0.00173719
0.000963026
-0.000726336
0.00165667
-0.00133568
0.00126907
-0.00166619
0.00123175
-0.00100609
0.000931599
-0.00103838
0.00014171
-0.000365578
-0.000142147
-0.000608193
9.99523e-06
-0.00100534
0.000196202
-0.000606863
0.000196202
-0.00100534
9.99523e-06
-0.000608193
-0.000142147
-0.000365578
0.00014171
-0.00103838
0.000931599
-0.00100609
0.00123175
-0.00166619
0.00126907
-0.00133568
0.00165667
-0.00128235
0.00158122
-0.00216467
0.00282604
-0.00272748
0.00230516
-0.00235552
0.00207726
-0.00134981
0.00193895
-0.00105645
0.00144201
-0.000608193
0.00184455
-0.00101737
0.000308584
-0.00101737
0.00184455
-0.000608193
0.00144201
-0.00105645
0.00193895
-0.00134981
0.00207726
-0.00235552
0.00230516
-0.00272748
0.00282604
-0.00216467
0.00158122
-0.00128235
0.00143485
-0.00168084
0.00216799
-0.00253408
0.00273727
-0.00218133
0.00234309
-0.00161682
0.00065324
-0.00139886
0.000493121
-0.00105645
-0.000142147
-0.00141518
0.000577095
-0.000305171
0.000577095
-0.00141518
-0.000142147
-0.00105645
0.000493121
-0.00139886
0.00065324
-0.00161682
0.00234309
-0.00218133
0.00273727
-0.00253408
0.00216799
-0.00168084
0.00143485
-0.00118457
0.00108754
-0.00120076
0.00145455
-0.00141405
0.00111516
-0.0016903
0.00149532
-0.00082091
0.00126246
-0.00139886
0.00193895
-0.000365578
0.00183662
-0.00140392
0.000595817
-0.00140392
0.00183662
-0.000365578
0.00193895
-0.00139886
0.00126246
-0.00082091
0.00149532
-0.0016903
0.00111516
-0.00141405
0.00145455
-0.00120076
0.00108754
-0.00118457
0.00130964
-0.0015018
0.00176884
-0.00216856
0.00212012
-0.00161666
0.0018427
-0.00167351
0.000902474
-0.00082091
0.00065324
-0.00134981
0.00014171
-0.00134428
0.000770794
-0.000205762
0.000770794
-0.00134428
0.00014171
-0.00134981
0.00065324
-0.00082091
0.000902474
-0.00167351
0.0018427
-0.00161666
0.00212012
-0.00216856
0.00176884
-0.0015018
0.00130964
-0.000615748
0.00107136
-0.00132651
0.00222905
-0.0021182
0.0019179
-0.00181687
0.00207491
-0.00167351
0.00149532
-0.00161682
0.00207726
-0.00103838
0.00218998
-0.00185574
0.00100476
-0.00185574
0.00218998
-0.00103838
0.00207726
-0.00161682
0.00149532
-0.00167351
0.00207491
-0.00181687
0.0019179
-0.0021182
0.00222905
-0.00132651
0.00107136
-0.000615748
0.000517451
-0.000611015
0.000210506
-0.00160299
0.00120796
-0.00169253
0.00102527
-0.00181687
0.0018427
-0.0016903
0.00234309
-0.00235552
0.000931599
-0.00236431
0.00283166
-0.00191763
0.00283166
-0.00236431
0.000931599
-0.00235552
0.00234309
-0.0016903
0.0018427
-0.00181687
0.00102527
-0.00169253
0.00120796
-0.00160299
0.000210506
-0.000611015
0.000517451
-0.000939501
0.00156703
-0.00126938
0.00284711
-0.00233359
0.00289762
-0.00169253
0.0019179
-0.00161666
0.00111516
-0.00218133
0.00230516
-0.00100609
0.00190033
-0.00200074
0.000589653
-0.00200074
0.00190033
-0.00100609
0.00230516
-0.00218133
0.00111516
-0.00161666
0.0019179
-0.00169253
0.00289762
-0.00233359
0.00284711
-0.00126938
0.00156703
-0.000939501
0.00077605
-0.00090206
6.04683e-05
-0.00171994
0.001243
-0.00233359
0.00120796
-0.0021182
0.00212012
-0.00141405
0.00273727
-0.00272748
0.00123175
-0.00218792
0.00290027
-0.00185992
0.00290027
-0.00218792
0.00123175
-0.00272748
0.00273727
-0.00141405
0.00212012
-0.0021182
0.00120796
-0.00233359
0.001243
-0.00171994
6.04683e-05
-0.00090206
0.00077605
-0.000419
0.000967466
-0.000460774
0.002094
-0.00171994
0.00284711
-0.00160299
0.00222905
-0.00216856
0.00145455
-0.00253408
0.00282604
-0.00166619
0.00240977
-0.0025437
0.00132892
-0.0025437
0.00240977
-0.00166619
0.00282604
-0.00253408
0.00145455
-0.00216856
0.00222905
-0.00160299
0.00284711
-0.00171994
0.002094
-0.000460774
0.000967466
-0.000419
0.000714653
-0.000489268
-0.000633127
-0.000460774
6.04683e-05
-0.00126938
0.000210506
-0.00132651
0.00176884
-0.00120076
0.00216799
-0.00216467
0.00126907
-0.00173719
0.00242149
-0.00194893
0.00242149
-0.00173719
0.00126907
-0.00216467
0.00216799
-0.00120076
0.00176884
-0.00132651
0.000210506
-0.00126938
6.04683e-05
-0.000460774
-0.000633127
-0.000489268
0.000714653
-0.00118042
0.00121652
-0.000489268
0.000967466
-0.00090206
0.00156703
-0.000611015
0.00107136
-0.0015018
0.00108754
-0.00168084
0.00158122
-0.00133568
0.000963026
-0.00130927
0.00108709
-0.00130927
0.000963026
-0.00133568
0.00158122
-0.00168084
0.00108754
-0.0015018
0.00107136
-0.000611015
0.00156703
-0.00090206
0.000967466
-0.000489268
0.00121652
-0.00118042
0.00110116
-0.00118042
0.000714653
-0.000419
0.00077605
-0.000939501
0.000517451
-0.000615748
0.00130964
-0.00118457
0.00143485
-0.00128235
0.00165667
-0.000726336
0.000883284
-0.00115134
0.000883284
-0.000726336
0.00165667
-0.00128235
0.00143485
-0.00118457
0.00130964
-0.000615748
0.000517451
-0.000939501
0.00077605
-0.000419
0.000714653
-0.00118042
0.00110116
