0.00110459
-0.00127819
0.00116527
-0.00131872
0.00115281
-0.00118524
0.00111821
-0.00111801
0.00105982
-0.00110319
0.00111331
-0.00120643
0.0011242
-0.0013035
0.00122541
-0.00132068
0.00122541
-0.0013035
0.0011242
-0.00120643
0.00111331
-0.00110319
0.00105982
-0.00111801
0.00111821
-0.00118524
0.00115281
-0.00131872
0.00116527
-0.00127819
0.00110459
-0.00127819
0.00113937
-0.00110019
0.00110145
-0.00089016
0.00103714
-0.000862268
0.000953713
-0.000850653
0.000974131
-0.000899977
0.00107275
-0.000976242
0.00108161
-0.001189
0.00104178
-0.001189
0.00108161
-0.000976242
0.00107275
-0.000899977
0.000974131
-0.000850653
0.000953713
-0.000862268
0.00103714
-0.00089016
0.00110145
-0.00110019
0.00113937
-0.00127819
0.00116527
-0.00110019
0.00129775
-0.00132799
0.00118142
-0.00152819
0.00128102
-0.00147831
0.00132607
-0.0015145
0.00128955
-0.00147323
0.00122213
-0.0011899
0.00133033
-0.000980174
0.00133033
-0.0011899
0.00122213
-0.00147323
0.00128955
-0.0015145
0.00132607
-0.00147831
0.00128102
-0.00152819
0.00118142
-0.00132799
0.00129775
-0.00110019
0.00116527
-0.00131872
0.00110145
-0.00132799
0.00104645
-0.000817261
0.00108389
-0.000695062
0.000881575
-0.0006922
0.000956612
-0.000780989
0.00112496
-0.00105909
0.00111748
-0.00155769
0.00104383
-0.00155769
0.00111748
-0.00105909
0.00112496
-0.000780989
0.000956612
-0.0006922
0.000881575
-0.000695062
0.00108389
-0.000817261
0.00104645
-0.00132799
0.00110145
-0.00131872
0.00115281
-0.00089016
0.00118142
-0.000817261
0.000750097
-0.00105869
0.0007734
-0.00102238
0.000870349
-0.00111423
0.000880795
-0.00106673
0.000855572
-0.000710558
0.00103079
-0.00045786
0.00103079
-0.000710558
0.000855572
-0.00106673
0.000880795
-0.00111423
0.000870349
-0.00102238
0.0007734
-0.00105869
0.000750097
-0.000817261
0.00118142
-0.00089016
0.00115281
-0.00118524
0.00103714
-0.00152819
0.00108389
-0.00105869
0.00133616
-0.000976244
0.00114195
-0.000974423
0.00118996
-0.00100394
0.00124975
-0.00116937
0.00111434
-0.00161228
0.000984115
-0.00161228
0.00111434
-0.00116937
0.00124975
-0.00100394
0.00118996
-0.000974423
0.00114195
-0.000976244
0.00133616
-0.00105869
0.00108389
-0.00152819
0.00103714
-0.00118524
0.00111821
-0.000862268
0.00128102
-0.000695062
0.0007734
-0.000976244
0.000724361
-0.000933681
0.000808905
-0.00103157
0.000882535
-0.00101999
0.000890601
-0.00072525
0.00110755
-0.000509503
0.00110755
-0.00072525
0.000890601
-0.00101999
0.000882535
-0.00103157
0.000808905
-0.000933681
0.000724361
-0.000976244
0.0007734
-0.000695062
0.00128102
-0.000862268
0.00111821
-0.00111801
0.000953713
-0.00147831
0.000881575
-0.00102238
0.00114195
-0.000933681
0.00102512
-0.000945509
0.00107136
-0.00100802
0.0010901
-0.00108356
0.00092958
-0.00141827
0.000806981
-0.00141827
0.00092958
-0.00108356
0.0010901
-0.00100802
0.00107136
-0.000945509
0.00102512
-0.000933681
0.00114195
-0.00102238
0.000881575
-0.00147831
0.000953713
-0.00111801
0.00105982
-0.000850653
0.00132607
-0.0006922
0.000870349
-0.000974423
0.000808905
-0.000945509
0.000845984
-0.00101288
0.000936979
-0.000991912
0.00090109
-0.000730986
0.00111336
-0.000543553
0.00111336
-0.000730986
0.00090109
-0.000991912
0.000936979
-0.00101288
0.000845984
-0.000945509
0.000808905
-0.000974423
0.000870349
-0.0006922
0.00132607
-0.000850653
0.00105982
-0.00110319
0.000974131
-0.0015145
0.000956612
-0.00111423
0.00118996
-0.00103157
0.00107136
-0.00101288
0.00110952
-0.00109734
0.00113123
-0.00113548
0.000977718
-0.00148495
0.000859583
-0.00148495
0.000977718
-0.00113548
0.00113123
-0.00109734
0.00110952
-0.00101288
0.00107136
-0.00103157
0.00118996
-0.00111423
0.000956612
-0.0015145
0.000974131
-0.00110319
0.00111331
-0.000899977
0.00128955
-0.000780989
0.000880795
-0.00100394
0.000882535
-0.00100802
0.000936979
-0.00109734
0.00102902
-0.0011023
0.000935671
-0.000862013
0.00114345
-0.000708592
0.00114345
-0.000862013
0.000935671
-0.0011023
0.00102902
-0.00109734
0.000936979
-0.00100802
0.000882535
-0.00100394
0.000880795
-0.000780989
0.00128955
-0.000899977
0.00111331
-0.00120643
0.00107275
-0.00147323
0.00112496
-0.00106673
0.00124975
-0.00101999
0.0010901
-0.000991912
0.00113123
-0.0011023
0.00122914
-0.0011693
0.00110043
-0.00161577
0.000974813
-0.00161577
0.00110043
-0.0011693
0.00122914
-0.0011023
0.00113123
-0.000991912
0.0010901
-0.00101999
0.00124975
-0.00106673
0.00112496
-0.00147323
0.00107275
-0.00120643
0.0011242
-0.000976242
0.00122213
-0.00105909
0.000855572
-0.00116937
0.000890601
-0.00108356
0.00090109
-0.00113548
0.000935671
-0.0011693
0.000752779
-0.000994747
0.000850585
-0.000968857
0.000850585
-0.000994747
0.000752779
-0.0011693
0.000935671
-0.00113548
0.00090109
-0.00108356
0.000890601
-0.00116937
0.000855572
-0.00105909
0.00122213
-0.000976242
0.0011242
-0.0013035
0.00108161
-0.0011899
0.00111748
-0.000710558
0.00111434
-0.00072525
0.00092958
-0.000730986
0.000977718
-0.000862013
0.00110043
-0.000994747
0.000887596
-0.00183263
0.000155527
-0.00183263
0.000887596
-0.000994747
0.00110043
-0.000862013
0.000977718
-0.000730986
0.00092958
-0.00072525
0.00111434
-0.000710558
0.00111748
-0.0011899
0.00108161
-0.0013035
0.00122541
-0.001189
0.00133033
-0.00155769
0.00103079
-0.00161228
0.00110755
-0.00141827
0.00111336
-0.00148495
0.00114345
-0.00161577
0.000850585
-0.00183263
-0.000242658
-0.00522688
-0.000242658
-0.00183263
0.000850585
-0.00161577
0.00114345
-0.00148495
0.00111336
-0.00141827
0.00110755
-0.00161228
0.00103079
-0.00155769
0.00133033
-0.001189
0.00122541
-0.00132068
0.00104178
-0.000980174
0.00104383
-0.00045786
0.000984115
-0.000509503
0.000806981
-0.000543553
0.000859583
-0.000708592
0.000974813
-0.000968857
0.000155527
-0.00522688
-0.0209441
-0.00522688
0.000155527
-0.000968857
0.000974813
-0.000708592
0.000859583
-0.000543553
0.000806981
-0.000509503
0.000984115
-0.00045786
0.00104383
-0.000980174
0.00104178
-0.00132068
0.00122541
-0.001189
0.00133033
-0.00155769
0.00103079
-0.00161228
0.00110755
-0.00141827
0.00111336
-0.00148495
0.00114345
-0.00161577
0.000850585
-0.00183263
-0.000242658
-0.00522688
-0.000242658
-0.00183263
0.000850585
-0.00161577
0.00114345
-0.00148495
0.00111336
-0.00141827
0.00110755
-0.00161228
0.00103079
-0.00155769
0.00133033
-0.001189
0.00122541
-0.0013035
0.00108161
-0.0011899
0.00111748
-0.000710558
0.00111434
-0.00072525
0.00092958
-0.000730986
0.000977718
-0.000862013
0.00110043
-0.000994747
0.000887596
-0.00183263
0.000155527
-0.00183263
0.000887596
-0.000994747
0.00110043
-0.000862013
0.000977718
-0.000730986
0.00092958
-0.00072525
0.00111434
-0.000710558
0.00111748
-0.0011899
0.00108161
-0.0013035
0.0011242
-0.000976242
0.00122213
-0.00105909
0.000855572
-0.00116937
0.000890601
-0.00108356
0.00090109
-0.00113548
0.000935671
-0.0011693
0.000752779
-0.000994747
0.000850585
-0.000968857
0.000850585
-0.000994747
0.000752779
-0.0011693
0.000935671
-0.00113548
0.00090109
-0.00108356
0.000890601
-0.00116937
0.000855572
-0.00105909
0.00122213
-0.000976242
0.0011242
-0.00120643
0.00107275
-0.00147323
0.00112496
-0.00106673
0.00124975
-0.00101999
0.0010901
-0.000991912
0.00113123
-0.0011023
0.00122914
-0.0011693
0.00110043
-0.00161577
0.000974813
-0.00161577
0.00110043
-0.0011693
0.00122914
-0.0011023
0.00113123
-0.000991912
0.0010901
-0.00101999
0.00124975
-0.00106673
0.00112496
-0.00147323
0.00107275
-0.00120643
0.00111331
-0.000899977
0.00128955
-0.000780989
0.000880795
-0.00100394
0.000882535
-0.00100802
0.000936979
-0.00109734
0.00102902
-0.0011023
0.000935671
-0.000862013
0.00114345
-0.000708592
0.00114345
-0.000862013
0.000935671
-0.0011023
0.00102902
-0.00109734
0.000936979
-0.00100802
0.000882535
-0.00100394
0.000880795
-0.000780989
0.00128955
-0.000899977
0.00111331
-0.00110319
0.000974131
-0.0015145
0.000956612
-0.00111423
0.00118996
-0.00103157
0.00107136
-0.00101288
0.00110952
-0.00109734
0.00113123
-0.00113548
0.000977718
-0.00148495
0.000859583
-0.00148495
0.000977718
-0.00113548
0.00113123
-0.00109734
0.00110952
-0.00101288
0.00107136
-0.00103157
0.00118996
-0.00111423
0.000956612
-0.0015145
0.000974131
-0.00110319
0.00105982
-0.000850653
0.00132607
-0.0006922
0.000870349
-0.000974423
0.000808905
-0.000945509
0.000845984
-0.00101288
0.000936979
-0.000991912
0.00090109
-0.000730986
0.00111336
-0.000543553
0.00111336
-0.000730986
0.00090109
-0.000991912
0.000936979
-0.00101288
0.000845984
-0.000945509
0.000808905
-0.000974423
0.000870349
-0.0006922
0.00132607
-0.000850653
0.00105982
-0.00111801
0.000953713
-0.00147831
0.000881575
-0.00102238
0.00114195
-0.000933681
0.00102512
-0.000945509
0.00107136
-0.00100802
0.0010901
-0.00108356
0.00092958
-0.00141827
0.000806981
-0.00141827
0.00092958
-0.00108356
0.0010901
-0.00100802
0.00107136
-0.000945509
0.00102512
-0.000933681
0.00114195
-0.00102238
0.000881575
-0.00147831
0.000953713
-0.00111801
0.00111821
-0.000862268
0.00128102
-0.000695062
0.0007734
-0.000976244
0.000724361
-0.000933681
0.000808905
-0.00103157
0.000882535
-0.00101999
0.000890601
-0.00072525
0.00110755
-0.000509503
0.00110755
-0.00072525
0.000890601
-0.00101999
0.000882535
-0.00103157
0.000808905
-0.000933681
0.000724361
-0.000976244
0.0007734
-0.000695062
0.00128102
-0.000862268
0.00111821
-0.00118524
0.00103714
-0.00152819
0.00108389
-0.00105869
0.00133616
-0.000976244
0.00114195
-0.000974423
0.00118996
-0.00100394
0.00124975
-0.00116937
0.00111434
-0.00161228
0.000984115
-0.00161228
0.00111434
-0.00116937
0.00124975
-0.00100394
0.00118996
-0.000974423
0.00114195
-0.000976244
0.00133616
-0.00105869
0.00108389
-0.00152819
0.00103714
-0.00118524
0.00115281
-0.00089016
0.00118142
-0.000817261
0.000750097
-0.00105869
0.0007734
-0.00102238
0.000870349
-0.00111423
0.000880795
-0.00106673
0.000855572
-0.000710558
0.00103079
-0.00045786
0.00103079
-0.000710558
0.000855572
-0.00106673
0.000880795
-0.00111423
0.000870349
-0.00102238
0.0007734
-0.00105869
0.000750097
-0.000817261
0.00118142
-0.00089016
0.00115281
-0.00131872
0.00110145
-0.00132799
0.00104645
-0.000817261
0.00108389
-0.000695062
0.000881575
-0.0006922
0.000956612
-0.000780989
0.00112496
-0.00105909
0.00111748
-0.00155769
0.00104383
-0.00155769
0.00111748
-0.00105909
0.00112496
-0.000780989
0.000956612
-0.0006922
0.000881575
-0.000695062
0.00108389
-0.000817261
0.00104645
-0.00132799
0.00110145
-0.00131872
0.00116527
-0.00110019
0.00129775
-0.00132799
0.00118142
-0.00152819
0.00128102
-0.00147831
0.00132607
-0.0015145
0.00128955
-0.00147323
0.00122213
-0.0011899
0.00133033
-0.000980174
0.00133033
-0.0011899
0.00122213
-0.00147323
0.00128955
-0.0015145
0.00132607
-0.00147831
0.00128102
-0.00152819
0.00118142
-0.00132799
0.00129775
-0.00110019
0.00116527
-0.00127819
0.00113937
-0.00110019
0.00110145
-0.00089016
0.00103714
-0.000862268
0.000953713
-0.000850653
0.000974131
-0.000899977
0.00107275
-0.000976242
0.00108161
-0.001189
0.00104178
-0.001189
0.00108161
-0.000976242
0.00107275
-0.000899977
0.000974131
-0.000850653
0.000953713
-0.000862268
0.00103714
-0.00089016
0.00110145
-0.00110019
0.00113937
-0.00127819
0.00110459
-0.00127819
0.00116527
-0.00131872
0.00115281
-0.00118524
0.00111821
-0.00111801
0.00105982
-0.00110319
0.00111331
-0.00120643
0.0011242
-0.0013035
0.00122541
-0.00132068
0.00122541
-0.0013035
0.0011242
-0.00120643
0.00111331
-0.00110319
0.00105982
-0.00111801
0.00111821
-0.00118524
0.00115281
-0.00131872
0.00116527
-0.00127819
0.00110459
