0.305595
0.305839
-0.290688
0.31899
-0.287425
0.320824
-0.299208
0.314906
-0.310662
0.320608
-0.3137
0.326806
-0.322191
0.328391
-0.323226
0.32897
-0.323226
0.328391
-0.322191
0.326806
-0.3137
0.320608
-0.310662
0.314906
-0.299208
0.320824
-0.287425
0.31899
-0.290688
0.305839
0.305514
0.305839
0.305878
-0.290724
0.319031
-0.287462
0.320865
-0.299246
0.314945
-0.310701
0.320648
-0.313739
0.326847
-0.322231
0.328433
-0.323267
0.329012
-0.323267
0.328433
-0.322231
0.326847
-0.313739
0.320648
-0.310701
0.314945
-0.299246
0.320865
-0.287462
0.319031
-0.290724
0.305878
0.305839
-0.290688
-0.290724
0.258497
-0.29254
0.241192
-0.290946
0.250385
-0.278123
0.269797
-0.269143
0.281249
-0.26789
0.286952
-0.272557
0.282167
-0.277213
0.282167
-0.272557
0.286952
-0.26789
0.281249
-0.269143
0.269797
-0.278123
0.250385
-0.290946
0.241192
-0.29254
0.258497
-0.290724
-0.290688
0.31899
0.319031
-0.29254
0.351383
-0.288049
0.359319
-0.305595
0.343375
-0.336046
0.335381
-0.364886
0.338104
-0.380063
0.3525
-0.373814
0.36481
-0.373814
0.3525
-0.380063
0.338104
-0.364886
0.335381
-0.336046
0.343375
-0.305595
0.359319
-0.288049
0.351383
-0.29254
0.319031
0.31899
-0.287425
-0.287462
0.241192
-0.288049
0.215187
-0.288023
0.227927
-0.272555
0.266818
-0.258735
0.298936
-0.256404
0.307448
-0.267521
0.296073
-0.278854
0.296073
-0.255562
0.307448
-0.256404
0.298936
-0.258735
0.266818
-0.272555
0.227927
-0.288023
0.215187
-0.288049
0.241192
-0.287462
-0.287425
0.320824
0.320865
-0.290946
0.359319
-0.288023
0.369176
-0.310659
0.349641
-0.343066
0.340367
-0.376295
0.342906
-0.393904
0.359885
-0.387312
0.375956
-0.387312
0.347927
-0.393904
0.342906
-0.376295
0.340367
-0.343066
0.349641
-0.310659
0.369176
-0.288023
0.359319
-0.290946
0.320865
0.320824
-0.299208
-0.299246
0.250385
-0.305595
0.227927
-0.310659
0.242477
-0.291918
0.286472
-0.283937
0.320515
-0.289612
0.333151
-0.30243
0.324791
-0.316344
0.324791
-0.30243
0.333151
-0.289612
0.320515
-0.283937
0.286472
-0.291918
0.242477
-0.310659
0.227927
-0.305595
0.250385
-0.299246
-0.299208
0.314906
0.314945
-0.278123
0.343375
-0.272555
0.349641
-0.291918
0.32787
-0.320155
0.323991
-0.340257
0.330714
-0.351467
0.336323
-0.348276
0.34684
-0.348276
0.336323
-0.351467
0.330714
-0.340257
0.323991
-0.320155
0.32787
-0.291918
0.349641
-0.272555
0.343375
-0.278123
0.314945
0.314906
-0.310662
-0.310701
0.269797
-0.336046
0.266818
-0.343066
0.286472
-0.320155
0.308235
-0.318963
0.314937
-0.328954
0.324193
-0.329599
0.328132
-0.338742
0.328132
-0.329599
0.324193
-0.328954
0.314937
-0.318963
0.308235
-0.320155
0.286472
-0.343066
0.266818
-0.336046
0.269797
-0.310701
-0.310662
0.320608
0.320648
-0.269143
0.335381
-0.258735
0.340367
-0.283937
0.323991
-0.318963
0.348952
-0.336003
0.378929
-0.35534
0.379254
-0.363367
0.387793
-0.363367
0.379254
-0.35534
0.378929
-0.336003
0.348952
-0.318963
0.323991
-0.283937
0.340367
-0.258735
0.335381
-0.269143
0.320648
0.320608
-0.3137
-0.313739
0.281249
-0.364886
0.298936
-0.376295
0.320515
-0.340257
0.314937
-0.336003
0.283492
-0.34047
0.279792
-0.320179
0.290365
-0.321537
0.290365
-0.320179
0.279792
-0.34047
0.283492
-0.336003
0.314937
-0.340257
0.320515
-0.376295
0.298936
-0.364886
0.281249
-0.313739
-0.3137
0.326806
0.326847
-0.26789
0.338104
-0.256404
0.342906
-0.289612
0.330714
-0.328954
0.378929
-0.34047
0.427117
-0.367131
0.421811
-0.387364
0.427418
-0.387364
0.421811
-0.367131
0.427117
-0.34047
0.378929
-0.328954
0.330714
-0.289612
0.342906
-0.256404
0.338104
-0.26789
0.326847
0.326806
-0.322191
-0.322231
0.286952
-0.380063
0.307448
-0.393904
0.333151
-0.351467
0.324193
-0.35534
0.279792
-0.367131
0.277991
-0.339473
0.295037
-0.339656
0.295037
-0.339473
0.277991
-0.367131
0.279792
-0.35534
0.324193
-0.351467
0.333151
-0.393904
0.307448
-0.380063
0.286952
-0.322231
-0.322191
0.328391
0.328433
-0.272557
0.3525
-0.267521
0.359885
-0.30243
0.336323
-0.329599
0.379254
-0.320179
0.421811
-0.339473
0.40342
-0.360837
0.405211
-0.360837
0.40342
-0.339473
0.421811
-0.320179
0.379254
8.57158
-8.52456
8.08491
-9.07248
7.56864
-8.81393
7.5584
-6.88493
0.328391
-0.323226
6.89481
-7.69314
9.11629
-16.2037
19.3482
-17.1887
17.9014
-17.7043
18.4471
-16.6145
19.5413
-16.8512
27.9036
-26.7613
37.4035
-35.7873
37.3251
-33.9974
39.4701
-33.5194
37.2575
-35.7366
36.1511
-34.7021
39.0838
-32.7035
37.5866
-31.6191
28.549
-0.323226
0.32897
-35.7368
39.1089
-46.3017
39.6674
-47.9812
42.6137
-44.7597
44.903
-47.6124
43.2165
-51.2881
44.6145
-48.9509
46.8456
-49.2946
46.8456
-48.9509
44.6145
-61.6312
51.9241
-57.2124
53.9514
-53.781
51.1997
-57.6526
47.6566
-55.635
46.9861
-50.1631
0.32897
-0.323226
50.2032
-55.545
66.0569
-57.4532
68.6871
-60.9724
63.5257
-62.7852
65.4732
-58.8768
69.3631
-59.7167
65.5896
-62.8652
65.7298
-62.8652
65.5896
-59.7167
69.1536
-58.6673
65.4732
-62.7852
63.5257
-60.9724
68.6871
-57.4532
66.0569
-55.545
50.2032
-0.323226
0.328391
-50.1651
54.5442
-63.8125
54.5856
-65.6667
58.4089
-61.6899
61.9787
-65.7798
60.4374
-71.1293
62.5429
-68.2932
65.5896
-68.6934
65.5896
-68.2932
62.5429
-71.1293
60.4374
-65.7798
61.9787
-61.6899
58.4089
-65.6667
54.5856
-63.8125
54.5442
-50.1651
0.328391
-0.322191
50.0853
-55.9371
66.437
-58.4217
68.979
-61.5684
63.5167
-62.0038
64.0737
-57.4967
66.383
-57.4708
62.5429
-59.7167
62.5962
-59.7167
62.5429
-57.4708
66.383
-57.4967
64.0737
-62.0038
63.5167
-61.5684
68.979
-58.4217
66.437
-55.9371
50.0853
-0.322191
0.326806
-49.9253
54.0678
-62.2074
53.4243
-63.6427
57.1878
-61.2269
62.1041
-66.1228
63.0161
-72.1504
66.383
-71.1293
69.3631
-71.9743
69.3631
-71.1293
66.383
-72.1504
63.233
-66.1228
62.1041
-61.2269
57.1878
-63.6427
53.4243
-62.2074
54.0678
-49.9253
0.326806
-0.3137
49.2202
-55.2246
64.7061
-57.462
66.7567
-60.1508
62.2263
-60.7171
61.8994
-57.5461
63.233
-57.4967
60.4374
-58.8768
60.6317
-58.8768
60.4374
-57.4967
63.233
-57.763
61.8994
-60.7171
62.2263
-60.1508
66.7567
-57.462
64.7061
-55.2246
49.2202
-0.3137
0.320608
-49.2333
53.8561
-61.3692
53.2285
-62.442
56.076
-59.9097
60.1642
-62.3435
61.8994
-66.1228
64.0737
-65.7798
65.4732
-66.8125
65.4732
-65.7798
64.0737
-66.1228
61.8994
-62.3435
60.1642
-59.9097
56.076
-62.442
53.2285
-61.3692
53.8561
-49.2333
0.320608
-0.310662
48.8347
-54.1074
61.5432
-54.1414
62.646
-56.5586
59.9234
-59.5383
60.1642
-60.7171
62.1041
-62.0038
61.9787
-62.7852
62.9997
-62.7852
61.9787
-62.0038
62.1041
-60.7171
60.1642
-59.5383
59.9234
-56.5586
62.646
-54.1414
61.5432
-54.1074
48.8347
-0.310662
0.314906
-48.1667
54.6602
-61.8095
54.4053
-62.6521
56.6424
-60.1589
59.9234
-59.9097
62.2263
-61.2269
63.5167
-61.6899
63.5257
-62.8023
63.5257
-61.6899
63.5167
-61.2269
62.2263
-59.9097
59.9234
-60.1589
56.6424
-62.6521
54.4053
-61.8095
54.6602
-48.8381
0.314906
-0.299208
46.6174
-52.0777
58.1928
-50.3592
58.759
-52.0797
56.6424
-56.5586
56.076
-60.1508
57.1878
-61.5684
58.4089
-60.9724
59.7857
-60.9724
58.4089
-61.5684
57.1878
-60.1508
56.076
-56.5586
56.6424
-52.0797
58.759
-50.3592
58.1928
-52.0777
47.4991
-0.299208
13.5128
-48.912
56.0277
-63.0858
55.9905
-64.192
58.759
-62.6521
62.646
-62.442
66.7567
-63.6427
68.979
-65.6667
68.6871
-67.324
68.6871
-65.6667
68.979
-63.6427
66.7567
-62.442
62.646
-62.6521
58.759
-64.192
55.9905
-63.0858
56.0277
-49.3217
-44.8025
30.2913
46.0262
-51.0992
56.1283
-48.9194
55.9905
-50.3592
54.4053
-54.1414
53.2285
-57.462
53.4243
-58.4217
54.5856
-57.4532
55.6458
-57.4532
54.5856
-58.4217
53.4243
-57.462
53.2285
-54.1414
54.4053
-50.3592
55.9905
-48.9194
56.1283
-51.0992
46.4226
46.3408
-48.571
-48.6567
56.3312
-62.2221
56.1283
-63.0858
58.1928
-61.8095
61.5432
-61.3692
64.7061
-62.2074
66.437
-63.8125
66.0569
-64.9683
66.0569
-63.8125
66.437
-62.2074
64.7061
-61.3692
61.5432
-61.8095
58.1928
-63.0858
56.1283
-62.2221
56.3312
-49.0664
-49.0433
46.3037
46.3855
-52.8638
56.3312
-51.0992
56.0277
-52.0777
54.6602
-54.1074
53.8561
-55.2246
54.0678
-55.9371
54.5442
-55.545
54.8633
-55.545
54.5442
-55.9371
54.0678
-55.2246
53.8561
-54.1074
54.6602
-52.0777
56.0277
-51.0992
56.3312
-52.8638
46.8029
46.7808
-37.8569
-37.9239
46.8029
-49.0664
46.4226
-49.3217
47.4991
-48.8381
48.8347
-49.2333
49.2202
-49.9253
50.0853
-50.1651
50.2032
-50.1631
50.2032
-50.1651
50.0853
-49.9253
49.2202
-49.2333
48.8347
-48.8381
47.4991
-49.3217
46.4226
-49.0664
46.8029
-38.3138
-38.2956
-37.6946
-37.9059
46.7808
-49.0433
46.4007
-49.2984
47.4767
-48.815
48.8116
-49.2101
49.197
-49.9017
50.0617
-50.1414
50.1795
-50.1394
50.1795
-50.1414
50.0617
-49.9017
49.197
-49.2101
48.8116
-48.815
47.4767
-49.2984
46.4007
-49.0433
46.7808
-38.2956
-38.0931
