0.00129444
-0.00106813
0.000850599
-0.000353704
-6.0854e-06
-2.51092e-05
0.000669059
-0.0005112
0.000305314
-0.00103045
0.00131635
-0.000954238
0.00106379
-0.00114172
0.00115867
-0.00138248
0.00115867
-0.00114172
0.00106379
-0.000954238
0.00131635
-0.00103045
0.000305314
-0.0005112
0.000669059
-2.51092e-05
-6.0854e-06
-0.000353704
0.000850599
-0.00106813
0.00129444
-0.00106813
0.0008601
-0.000840045
0.000550092
-0.000210998
0.000733942
-0.00105606
0.000720168
-0.000842079
0.00161913
-0.00179531
0.0012528
-0.00191591
0.00152806
-0.0016829
0.00201695
-0.0016829
0.00152806
-0.00191591
0.0012528
-0.00179531
0.00161913
-0.000842079
0.000720168
-0.00105606
0.000733942
-0.000210998
0.000550092
-0.000840045
0.0008601
-0.00106813
0.000850599
-0.000840045
0.000910432
-0.000863384
0.00049572
-0.0013654
0.00118518
-0.000809041
0.00133053
-0.00211744
0.0019861
-0.00105944
0.00223986
-0.00140033
0.00171598
-0.00221969
0.00171598
-0.00140033
0.00223986
-0.00105944
0.0019861
-0.00211744
0.00133053
-0.000809041
0.00118518
-0.0013654
0.00049572
-0.000863384
0.000910432
-0.000840045
0.000850599
-0.000353704
0.000550092
-0.000863384
0.0013064
-0.000817961
0.00183414
-0.00115417
0.000969609
-0.00172284
0.00252266
-0.00266872
0.00194288
-0.00334384
0.00203959
-0.00227386
0.0026518
-0.00227386
0.00203959
-0.00334384
0.00194288
-0.00266872
0.00252266
-0.00172284
0.000969609
-0.00115417
0.00183414
-0.000817961
0.0013064
-0.000863384
0.000550092
-0.000353704
-6.0854e-06
-0.000210998
0.00049572
-0.000817961
0.000107559
-0.00140854
0.000894509
-0.00101923
0.00183952
-0.00237571
0.00194936
-0.00111459
0.00285508
-0.0017826
0.00222965
-0.00282083
0.00222965
-0.0017826
0.00285508
-0.00111459
0.00194936
-0.00237571
0.00183952
-0.00101923
0.000894509
-0.00140854
0.000107559
-0.000817961
0.00049572
-0.000210998
-6.0854e-06
-2.51092e-05
0.000733942
-0.0013654
0.00183414
-0.00140854
0.00271299
-0.00212346
0.00185138
-0.00228336
0.00267421
-0.00281953
0.00248299
-0.00383367
0.00249521
-0.00253505
0.00281637
-0.00253505
0.00249521
-0.00383367
0.00248299
-0.00281953
0.00267421
-0.00228336
0.00185138
-0.00212346
0.00271299
-0.00140854
0.00183414
-0.0013654
0.000733942
-2.51092e-05
0.000669059
-0.00105606
0.00118518
-0.00115417
0.000894509
-0.00212346
0.00157423
-0.00126871
0.00199132
-0.00218085
0.00170664
-0.001164
0.00238169
-0.00140251
0.00168777
-0.00215162
0.00168777
-0.00140251
0.00238169
-0.001164
0.00170664
-0.00218085
0.00199132
-0.00126871
0.00157423
-0.00212346
0.000894509
-0.00115417
0.00118518
-0.00105606
0.000669059
-0.0005112
0.000720168
-0.000809041
0.000969609
-0.00101923
0.00185138
-0.00126871
0.00124656
-0.00235079
0.00232542
-0.00227163
0.00249477
-0.00296123
0.0022239
-0.00232253
0.0023102
-0.00232253
0.0022239
-0.00296123
0.00249477
-0.00227163
0.00232542
-0.00235079
0.00124656
-0.00126871
0.00185138
-0.00101923
0.000969609
-0.000809041
0.000720168
-0.0005112
0.000305314
-0.000842079
0.00133053
-0.00172284
0.00183952
-0.00228336
0.00199132
-0.00235079
0.00310435
-0.00250889
0.00235218
-0.00309623
0.00292049
-0.00269973
0.00260316
-0.00231893
0.00260316
-0.00269973
0.00292049
-0.00309623
0.00235218
-0.00250889
0.00310435
-0.00235079
0.00199132
-0.00228336
0.00183952
-0.00172284
0.00133053
-0.000842079
0.000305314
-0.00103045
0.00161913
-0.00211744
0.00252266
-0.00237571
0.00267421
-0.00218085
0.00232542
-0.00250889
0.00183741
-0.00169818
0.00237228
-0.00209181
0.0018162
-0.0016399
0.00136077
-0.0016399
0.0018162
-0.00209181
0.00237228
-0.00169818
0.00183741
-0.00250889
0.00232542
-0.00218085
0.00267421
-0.00237571
0.00252266
-0.00211744
0.00161913
-0.00103045
0.00131635
-0.00179531
0.0019861
-0.00266872
0.00194936
-0.00281953
0.00170664
-0.00227163
0.00235218
-0.00169818
0.00121042
-0.002087
0.00157479
-0.00173243
0.0014097
-0.00167891
0.0014097
-0.00173243
0.00157479
-0.002087
0.00121042
-0.00169818
0.00235218
-0.00227163
0.00170664
-0.00281953
0.00194936
-0.00266872
0.0019861
-0.00179531
0.00131635
-0.000954238
0.0012528
-0.00105944
0.00194288
-0.00111459
0.00248299
-0.001164
0.00249477
-0.00309623
0.00237228
-0.002087
0.00372299
-0.00301494
0.00295859
-0.00229316
0.00225171
-0.00229316
0.00295859
-0.00301494
0.00372299
-0.002087
0.00237228
-0.00309623
0.00249477
-0.001164
0.00248299
-0.00111459
0.00194288
-0.00105944
0.0012528
-0.000954238
0.00106379
-0.00191591
0.00223986
-0.00334384
0.00285508
-0.00383367
0.00238169
-0.00296123
0.00292049
-0.00209181
0.00157479
-0.00301494
0.001792
-0.00247833
0.00168916
-0.00223476
0.00168916
-0.00247833
0.001792
-0.00301494
0.00157479
-0.00209181
0.00292049
-0.00296123
0.00238169
-0.00383367
0.00285508
-0.00334384
0.00223986
-0.00191591
0.00106379
-0.00114172
0.00152806
-0.00140033
0.00203959
-0.0017826
0.00249521
-0.00140251
0.0022239
-0.00269973
0.0018162
-0.00173243
0.00295859
-0.00247833
0.00200895
-0.00226284
0.000603037
-0.00226284
0.00200895
-0.00247833
0.00295859
-0.00173243
0.0018162
-0.00269973
0.0022239
-0.00140251
0.00249521
-0.0017826
0.00203959
-0.00140033
0.00152806
-0.00114172
0.00115867
-0.0016829
0.00171598
-0.00227386
0.00222965
-0.00253505
0.00168777
-0.00232253
0.00260316
-0.0016399
0.0014097
-0.00229316
0.00168916
-0.00226284
0.000156743
-0.00539462
0.000156743
-0.00226284
0.00168916
-0.00229316
0.0014097
-0.0016399
0.00260316
-0.00232253
0.00168777
-0.00253505
0.00222965
-0.00227386
0.00171598
-0.0016829
0.00115867
-0.00138248
0.00201695
-0.00221969
0.0026518
-0.00282083
0.00281637
-0.00215162
0.0023102
-0.00231893
0.00136077
-0.00167891
0.00225171
-0.00223476
0.000603037
-0.00539462
-0.0213352
-0.00539462
0.000603037
-0.00223476
0.00225171
-0.00167891
0.00136077
-0.00231893
0.0023102
-0.00215162
0.00281637
-0.00282083
0.0026518
-0.00221969
0.00201695
-0.00138248
0.00115867
-0.0016829
0.00171598
-0.00227386
0.00222965
-0.00253505
0.00168777
-0.00232253
0.00260316
-0.0016399
0.0014097
-0.00229316
0.00168916
-0.00226284
0.000156743
-0.00539462
0.000156743
-0.00226284
0.00168916
-0.00229316
0.0014097
-0.0016399
0.00260316
-0.00232253
0.00168777
-0.00253505
0.00222965
-0.00227386
0.00171598
-0.0016829
0.00115867
-0.00114172
0.00152806
-0.00140033
0.00203959
-0.0017826
0.00249521
-0.00140251
0.0022239
-0.00269973
0.0018162
-0.00173243
0.00295859
-0.00247833
0.00200895
-0.00226284
0.000603037
-0.00226284
0.00200895
-0.00247833
0.00295859
-0.00173243
0.0018162
-0.00269973
0.0022239
-0.00140251
0.00249521
-0.0017826
0.00203959
-0.00140033
0.00152806
-0.00114172
0.00106379
-0.00191591
0.00223986
-0.00334384
0.00285508
-0.00383367
0.00238169
-0.00296123
0.00292049
-0.00209181
0.00157479
-0.00301494
0.001792
-0.00247833
0.00168916
-0.00223476
0.00168916
-0.00247833
0.001792
-0.00301494
0.00157479
-0.00209181
0.00292049
-0.00296123
0.00238169
-0.00383367
0.00285508
-0.00334384
0.00223986
-0.00191591
0.00106379
-0.000954238
0.0012528
-0.00105944
0.00194288
-0.00111459
0.00248299
-0.001164
0.00249477
-0.00309623
0.00237228
-0.002087
0.00372299
-0.00301494
0.00295859
-0.00229316
0.00225171
-0.00229316
0.00295859
-0.00301494
0.00372299
-0.002087
0.00237228
-0.00309623
0.00249477
-0.001164
0.00248299
-0.00111459
0.00194288
-0.00105944
0.0012528
-0.000954238
0.00131635
-0.00179531
0.0019861
-0.00266872
0.00194936
-0.00281953
0.00170664
-0.00227163
0.00235218
-0.00169818
0.00121042
-0.002087
0.00157479
-0.00173243
0.0014097
-0.00167891
0.0014097
-0.00173243
0.00157479
-0.002087
0.00121042
-0.00169818
0.00235218
-0.00227163
0.00170664
-0.00281953
0.00194936
-0.00266872
0.0019861
-0.00179531
0.00131635
-0.00103045
0.00161913
-0.00211744
0.00252266
-0.00237571
0.00267421
-0.00218085
0.00232542
-0.00250889
0.00183741
-0.00169818
0.00237228
-0.00209181
0.0018162
-0.0016399
0.00136077
-0.0016399
0.0018162
-0.00209181
0.00237228
-0.00169818
0.00183741
-0.00250889
0.00232542
-0.00218085
0.00267421
-0.00237571
0.00252266
-0.00211744
0.00161913
-0.00103045
0.000305314
-0.000842079
0.00133053
-0.00172284
0.00183952
-0.00228336
0.00199132
-0.00235079
0.00310435
-0.00250889
0.00235218
-0.00309623
0.00292049
-0.00269973
0.00260316
-0.00231893
0.00260316
-0.00269973
0.00292049
-0.00309623
0.00235218
-0.00250889
0.00310435
-0.00235079
0.00199132
-0.00228336
0.00183952
-0.00172284
0.00133053
-0.000842079
0.000305314
-0.0005112
0.000720168
-0.000809041
0.000969609
-0.00101923
0.00185138
-0.00126871
0.00124656
-0.00235079
0.00232542
-0.00227163
0.00249477
-0.00296123
0.0022239
-0.00232253
0.0023102
-0.00232253
0.0022239
-0.00296123
0.00249477
-0.00227163
0.00232542
-0.00235079
0.00124656
-0.00126871
0.00185138
-0.00101923
0.000969609
-0.000809041
0.000720168
-0.0005112
0.000669059
-0.00105606
0.00118518
-0.00115417
0.000894509
-0.00212346
0.00157423
-0.00126871
0.00199132
-0.00218085
0.00170664
-0.001164
0.00238169
-0.00140251
0.00168777
-0.00215162
0.00168777
-0.00140251
0.00238169
-0.001164
0.00170664
-0.00218085
0.00199132
-0.00126871
0.00157423
-0.00212346
0.000894509
-0.00115417
0.00118518
-0.00105606
0.000669059
-2.51092e-05
0.000733942
-0.0013654
0.00183414
-0.00140854
0.00271299
-0.00212346
0.00185138
-0.00228336
0.00267421
-0.00281953
0.00248299
-0.00383367
0.00249521
-0.00253505
0.00281637
-0.00253505
0.00249521
-0.00383367
0.00248299
-0.00281953
0.00267421
-0.00228336
0.00185138
-0.00212346
0.00271299
-0.00140854
0.00183414
-0.0013654
0.000733942
-2.51092e-05
-6.0854e-06
-0.000210998
0.00049572
-0.000817961
0.000107559
-0.00140854
0.000894509
-0.00101923
0.00183952
-0.00237571
0.00194936
-0.00111459
0.00285508
-0.0017826
0.00222965
-0.00282083
0.00222965
-0.0017826
0.00285508
-0.00111459
0.00194936
-0.00237571
0.00183952
-0.00101923
0.000894509
-0.00140854
0.000107559
-0.000817961
0.00049572
-0.000210998
-6.0854e-06
-0.000353704
0.000550092
-0.000863384
0.0013064
-0.000817961
0.00183414
-0.00115417
0.000969609
-0.00172284
0.00252266
-0.00266872
0.00194288
-0.00334384
0.00203959
-0.00227386
0.0026518
-0.00227386
0.00203959
-0.00334384
0.00194288
-0.00266872
0.00252266
-0.00172284
0.000969609
-0.00115417
0.00183414
-0.000817961
0.0013064
-0.000863384
0.000550092
-0.000353704
0.000850599
-0.000840045
0.000910432
-0.000863384
0.00049572
-0.0013654
0.00118518
-0.000809041
0.00133053
-0.00211744
0.0019861
-0.00105944
0.00223986
-0.00140033
0.00171598
-0.00221969
0.00171598
-0.00140033
0.00223986
-0.00105944
0.0019861
-0.00211744
0.00133053
-0.000809041
0.00118518
-0.0013654
0.00049572
-0.000863384
0.000910432
-0.000840045
0.000850599
-0.00106813
0.0008601
-0.000840045
0.000550092
-0.000210998
0.000733942
-0.00105606
0.000720168
-0.000842079
0.00161913
-0.00179531
0.0012528
-0.00191591
0.00152806
-0.0016829
0.00201695
-0.0016829
0.00152806
-0.00191591
0.0012528
-0.00179531
0.00161913
-0.000842079
0.000720168
-0.00105606
0.000733942
-0.000210998
0.000550092
-0.000840045
0.0008601
-0.00106813
0.00129444
-0.00106813
0.000850599
-0.000353704
-6.0854e-06
-2.51092e-05
0.000669059
-0.0005112
0.000305314
-0.00103045
0.00131635
-0.000954238
0.00106379
-0.00114172
0.00115867
-0.00138248
0.00115867
-0.00114172
0.00106379
-0.000954238
0.00131635
-0.00103045
0.000305314
-0.0005112
0.000669059
-2.51092e-05
-6.0854e-06
-0.000353704
0.000850599
-0.00106813
0.00129444
