2.42201e-24
-9.03908e-24
-6.80948e-25
2.35393e-26
0
-0
0
0
0
2.88701e-09
1.15133e-06
-4.40235e-06
2.02716e-05
-4.51666e-05
5.55631e-05
-7.37688e-05
5.55631e-05
-4.51666e-05
2.02716e-05
-4.40235e-06
1.15133e-06
2.88701e-09
0
0
0
-0
0
-0
0
-0
0
-9.03908e-24
3.37343e-23
1.93269e-24
-8.78497e-26
0
0
0
0
0
-1.07745e-08
-4.33042e-06
4.5796e-06
-6.72029e-05
5.16252e-05
-0.000151329
8.51345e-05
-0.000151329
5.16252e-05
-6.72029e-05
4.5796e-06
-4.33042e-06
-1.07745e-08
0
0
-0
0
-0
0
-0
0
-0
6.80948e-25
-1.93269e-24
0
0
0
0
0
0
-2.15489e-08
-1.0107e-05
1.17704e-05
-0.000218657
0.000202923
-0.000574578
0.000432495
-0.000741823
0.000432495
-0.000574578
0.000202923
-0.000218657
1.17704e-05
-1.0107e-05
-2.15489e-08
-0
0
-0
0
-0
0
-0
0
-2.35393e-26
8.78497e-26
0
0
0
0
0
-3.5017e-08
-1.87702e-05
2.55384e-05
-0.000546563
0.000625128
-0.00160804
0.00153624
-0.00231645
0.00192197
-0.00231645
0.00153624
-0.00160804
0.000625128
-0.000546563
2.55384e-05
-1.87702e-05
-3.5017e-08
-0
0
-0
0
-0
0
-0
0
0
0
0
0
0
-4.66893e-08
-2.81553e-05
4.38185e-05
-0.00106569
0.00145079
-0.00340309
0.00384722
-0.00482475
0.00506013
-0.00520544
0.00506013
-0.00482475
0.00384722
-0.00340309
0.00145079
-0.00106569
4.38185e-05
-2.81553e-05
-4.66893e-08
-0
0
-0
0
-0
0
-0
0
0
0
0
-5.13582e-08
-3.4412e-05
6.02797e-05
-0.00164919
0.00260498
-0.00568885
0.00721533
-0.00682079
0.00820718
-0.006504
0.00809624
-0.006504
0.00820718
-0.00682079
0.00721533
-0.00568885
0.00260498
-0.00164919
6.02797e-05
-3.4412e-05
-5.13582e-08
-0
0
-0
0
-0
0
0
0
0
-4.66893e-08
-3.4412e-05
6.69878e-05
-0.00204662
0.0036791
-0.00779846
0.0106715
-0.00623297
0.00715338
-0.0032408
0.00395071
-0.00216002
0.00395071
-0.0032408
0.00715338
-0.00623297
0.0106715
-0.00779846
0.0036791
-0.00204662
6.69878e-05
-3.4412e-05
-4.66893e-08
-0
0
-0
0
0
0
0
-3.5017e-08
-2.81553e-05
6.02797e-05
-0.00204662
0.00412391
-0.0090444
0.0130936
-0.00287096
-0.000700437
0.00215572
-0.00620483
0.00322302
-0.00696535
0.00322302
-0.00620483
0.00215572
-0.000700437
-0.00287096
0.0130936
-0.0090444
0.00412391
-0.00204662
6.02797e-05
-2.81553e-05
-3.5017e-08
-0
0
-0
0
0
-2.15489e-08
-1.87702e-05
4.38185e-05
-0.00164919
0.0036791
-0.0090444
0.0139301
0.000432793
-0.0113989
0.00382039
-0.007525
0.00102841
-0.00213344
-0.00021288
-0.00213344
0.00102841
-0.007525
0.00382039
-0.0113989
0.000432793
0.0139301
-0.0090444
0.0036791
-0.00164919
4.38185e-05
-1.87702e-05
-2.15489e-08
-0
0
2.88701e-09
-1.07745e-08
-1.0107e-05
2.55384e-05
-0.00106569
0.00260498
-0.00779846
0.0130936
0.000432793
-0.016457
0.00187168
0.00607892
-0.00435892
0.0126656
-0.00546598
0.0126044
-0.00546598
0.0126656
-0.00435892
0.00607892
0.00187168
-0.016457
0.000432793
0.0130936
-0.00779846
0.00260498
-0.00106569
2.55384e-05
-1.0107e-05
-1.07745e-08
2.88701e-09
1.15133e-06
-4.33042e-06
1.17704e-05
-0.000546563
0.00145079
-0.00568885
0.0106715
-0.00287096
-0.0113989
0.00187168
0.0156442
-0.0055255
0.00564839
-0.00229279
-0.00250056
-0.00042802
-0.00250056
-0.00229279
0.00564839
-0.0055255
0.0156442
0.00187168
-0.0113989
-0.00287096
0.0106715
-0.00568885
0.00145079
-0.000546563
1.17704e-05
-4.33042e-06
1.15133e-06
-4.40235e-06
4.5796e-06
-0.000218657
0.000625128
-0.00340309
0.00721533
-0.00623297
-0.000700437
0.00382039
0.00607892
-0.0055255
-0.00641583
0.00102893
-0.00770677
0.00385788
-0.00677813
0.00385788
-0.00770677
0.00102893
-0.00641583
-0.0055255
0.00607892
0.00382039
-0.000700437
-0.00623297
0.00721533
-0.00340309
0.000625128
-0.000218657
4.5796e-06
-4.40235e-06
2.02716e-05
-6.72029e-05
0.000202923
-0.00160804
0.00384722
-0.00682079
0.00715338
0.00215572
-0.007525
-0.00435892
0.00564839
0.00102893
0.00392714
0.00336511
0.00121401
0.00342917
0.00121401
0.00336511
0.00392714
0.00102893
0.00564839
-0.00435892
-0.007525
0.00215572
0.00715338
-0.00682079
0.00384722
-0.00160804
0.000202923
-6.72029e-05
2.02716e-05
-4.51666e-05
5.16252e-05
-0.000574578
0.00153624
-0.00482475
0.00820718
-0.0032408
-0.00620483
0.00102841
0.0126656
-0.00229279
-0.00770677
0.00336511
-0.0117765
0.00405007
-0.0117326
0.00405007
-0.0117765
0.00336511
-0.00770677
-0.00229279
0.0126656
0.00102841
-0.00620483
-0.0032408
0.00820718
-0.00482475
0.00153624
-0.000574578
5.16252e-05
-4.51666e-05
5.55631e-05
-0.000151329
0.000432495
-0.00231645
0.00506013
-0.006504
0.00395071
0.00322302
-0.00213344
-0.00546598
-0.00250056
0.00385788
0.00121401
0.00405007
0.00130182
-0.000197197
0.00130182
0.00405007
0.00121401
0.00385788
-0.00250056
-0.00546598
-0.00213344
0.00322302
0.00395071
-0.006504
0.00506013
-0.00231645
0.000432495
-0.000151329
5.55631e-05
-7.37688e-05
8.51345e-05
-0.000741823
0.00192197
-0.00520544
0.00809624
-0.00216002
-0.00696535
-0.00021288
0.0126044
-0.00042802
-0.00677813
0.00342917
-0.0117326
-0.000197197
-0.0323222
-0.000197197
-0.0117326
0.00342917
-0.00677813
-0.00042802
0.0126044
-0.00021288
-0.00696535
-0.00216002
0.00809624
-0.00520544
0.00192197
-0.000741823
8.51345e-05
-7.37688e-05
5.55631e-05
-0.000151329
0.000432495
-0.00231645
0.00506013
-0.006504
0.00395071
0.00322302
-0.00213344
-0.00546598
-0.00250056
0.00385788
0.00121401
0.00405007
0.00130182
-0.000197197
0.00130182
0.00405007
0.00121401
0.00385788
-0.00250056
-0.00546598
-0.00213344
0.00322302
0.00395071
-0.006504
0.00506013
-0.00231645
0.000432495
-0.000151329
5.55631e-05
-4.51666e-05
5.16252e-05
-0.000574578
0.00153624
-0.00482475
0.00820718
-0.0032408
-0.00620483
0.00102841
0.0126656
-0.00229279
-0.00770677
0.00336511
-0.0117765
0.00405007
-0.0117326
0.00405007
-0.0117765
0.00336511
-0.00770677
-0.00229279
0.0126656
0.00102841
-0.00620483
-0.0032408
0.00820718
-0.00482475
0.00153624
-0.000574578
5.16252e-05
-4.51666e-05
2.02716e-05
-6.72029e-05
0.000202923
-0.00160804
0.00384722
-0.00682079
0.00715338
0.00215572
-0.007525
-0.00435892
0.00564839
0.00102893
0.00392714
0.00336511
0.00121401
0.00342917
0.00121401
0.00336511
0.00392714
0.00102893
0.00564839
-0.00435892
-0.007525
0.00215572
0.00715338
-0.00682079
0.00384722
-0.00160804
0.000202923
-6.72029e-05
2.02716e-05
-4.40235e-06
4.5796e-06
-0.000218657
0.000625128
-0.00340309
0.00721533
-0.00623297
-0.000700437
0.00382039
0.00607892
-0.0055255
-0.00641583
0.00102893
-0.00770677
0.00385788
-0.00677813
0.00385788
-0.00770677
0.00102893
-0.00641583
-0.0055255
0.00607892
0.00382039
-0.000700437
-0.00623297
0.00721533
-0.00340309
0.000625128
-0.000218657
4.5796e-06
-4.40235e-06
1.15133e-06
-4.33042e-06
1.17704e-05
-0.000546563
0.00145079
-0.00568885
0.0106715
-0.00287096
-0.0113989
0.00187168
0.0156442
-0.0055255
0.00564839
-0.00229279
-0.00250056
-0.00042802
-0.00250056
-0.00229279
0.00564839
-0.0055255
0.0156442
0.00187168
-0.0113989
-0.00287096
0.0106715
-0.00568885
0.00145079
-0.000546563
1.17704e-05
-4.33042e-06
1.15133e-06
2.88701e-09
-1.07745e-08
-1.0107e-05
2.55384e-05
-0.00106569
0.00260498
-0.00779846
0.0130936
0.000432793
-0.016457
0.00187168
0.00607892
-0.00435892
0.0126656
-0.00546598
0.0126044
-0.00546598
0.0126656
-0.00435892
0.00607892
0.00187168
-0.016457
0.000432793
0.0130936
-0.00779846
0.00260498
-0.00106569
2.55384e-05
-1.0107e-05
-1.07745e-08
2.88701e-09
0
0
-2.15489e-08
-1.87702e-05
4.38185e-05
-0.00164919
0.0036791
-0.0090444
0.0139301
0.000432793
-0.0113989
0.00382039
-0.007525
0.00102841
-0.00213344
-0.00021288
-0.00213344
0.00102841
-0.007525
0.00382039
-0.0113989
0.000432793
0.0139301
-0.0090444
0.0036791
-0.00164919
4.38185e-05
-1.87702e-05
-2.15489e-08
0
0
0
0
0
-3.5017e-08
-2.81553e-05
6.02797e-05
-0.00204662
0.00412391
-0.0090444
0.0130936
-0.00287096
-0.000700437
0.00215572
-0.00620483
0.00322302
-0.00696535
0.00322302
-0.00620483
0.00215572
-0.000700437
-0.00287096
0.0130936
-0.0090444
0.00412391
-0.00204662
6.02797e-05
-2.81553e-05
-3.5017e-08
0
0
0
0
-0
0
0
-4.66893e-08
-3.4412e-05
6.69878e-05
-0.00204662
0.0036791
-0.00779846
0.0106715
-0.00623297
0.00715338
-0.0032408
0.00395071
-0.00216002
0.00395071
-0.0032408
0.00715338
-0.00623297
0.0106715
-0.00779846
0.0036791
-0.00204662
6.69878e-05
-3.4412e-05
-4.66893e-08
0
0
0
0
-0
0
-0
0
0
-5.13582e-08
-3.4412e-05
6.02797e-05
-0.00164919
0.00260498
-0.00568885
0.00721533
-0.00682079
0.00820718
-0.006504
0.00809624
-0.006504
0.00820718
-0.00682079
0.00721533
-0.00568885
0.00260498
-0.00164919
6.02797e-05
-3.4412e-05
-5.13582e-08
0
0
-0
0
-0
0
-0
0
-0
0
0
-4.66893e-08
-2.81553e-05
4.38185e-05
-0.00106569
0.00145079
-0.00340309
0.00384722
-0.00482475
0.00506013
-0.00520544
0.00506013
-0.00482475
0.00384722
-0.00340309
0.00145079
-0.00106569
4.38185e-05
-2.81553e-05
-4.66893e-08
-0
0
0
0
-0
0
-0
-0
-0
0
-0
0
0
-3.5017e-08
-1.87702e-05
2.55384e-05
-0.000546563
0.000625128
-0.00160804
0.00153624
-0.00231645
0.00192197
-0.00231645
0.00153624
-0.00160804
0.000625128
-0.000546563
2.55384e-05
-1.87702e-05
-3.5017e-08
0
0
0
0
-0
0
-0
-4.32895e-28
1.61559e-27
-0
-0
0
-0
0
0
-2.15489e-08
-1.0107e-05
1.17704e-05
-0.000218657
0.000202923
-0.000574578
0.000432495
-0.000741823
0.000432495
-0.000574578
0.000202923
-0.000218657
1.17704e-05
-1.0107e-05
-2.15489e-08
0
0
0
0
-0
0
-0
0
-0
-0
-1.61559e-27
-0
-0
0
-0
0
0
-1.07745e-08
-4.33042e-06
4.5796e-06
-6.72029e-05
5.16252e-05
-0.000151329
8.51345e-05
-0.000151329
5.16252e-05
-6.72029e-05
4.5796e-06
-4.33042e-06
-1.07745e-08
0
0
0
0
-0
0
-0
0
-0
-0
-0
4.32895e-28
-0
0
-0
0
0
0
2.88701e-09
1.15133e-06
-4.40235e-06
2.02716e-05
-4.51666e-05
5.55631e-05
-7.37688e-05
5.55631e-05
-4.51666e-05
2.02716e-05
-4.40235e-06
1.15133e-06
2.88701e-09
0
0
0
-0
0
-0
0
-0
0
