0.00106206
-0.00118106
0.00112449
-0.00111893
0.00101702
-0.000916846
0.000913079
-0.000836763
0.00091001
-0.000839877
0.00092051
-0.000957046
0.00102254
-0.00106085
0.00107337
-0.00116263
0.00107337
-0.00106085
0.00102254
-0.000957046
0.00092051
-0.000839877
0.00091001
-0.000836763
0.000913079
-0.000916846
0.00101702
-0.00111893
0.00112449
-0.00118106
0.00106206
-0.00118106
0.00110655
-0.001091
0.00106754
-0.000935683
0.000938355
-0.000834295
0.00090138
-0.000863992
0.00092661
-0.000883817
0.000999384
-0.000992828
0.00100667
-0.0010395
0.00109804
-0.0010395
0.00100667
-0.000992828
0.000999384
-0.000883817
0.00092661
-0.000863992
0.00090138
-0.000834295
0.000938355
-0.000935683
0.00106754
-0.001091
0.00110655
-0.00118106
0.00112449
-0.001091
0.00110506
-0.00112646
0.00101509
-0.00121205
0.00102857
-0.00130741
0.00113073
-0.00131995
0.00106144
-0.00124412
0.00109162
-0.00110571
0.0011106
-0.00117011
0.0011106
-0.00110571
0.00109162
-0.00124412
0.00106144
-0.00131995
0.00113073
-0.00130741
0.00102857
-0.00121205
0.00101509
-0.00112646
0.00110506
-0.001091
0.00112449
-0.00111893
0.00106754
-0.00112646
0.00106021
-0.000870807
0.00102175
-0.000629999
0.000941153
-0.000638734
0.00103277
-0.000771032
0.00114662
-0.00105743
0.00108051
-0.00114016
0.00115632
-0.00114016
0.00108051
-0.00105743
0.00114662
-0.000771032
0.00103277
-0.000638734
0.000941153
-0.000629999
0.00102175
-0.000870807
0.00106021
-0.00112646
0.00106754
-0.00111893
0.00101702
-0.000935683
0.00101509
-0.000870807
0.000728764
-0.00104252
0.000688543
-0.00120796
0.000847373
-0.00132994
0.000828616
-0.00116727
0.000936131
-0.00089074
0.000961963
-0.000956296
0.000961963
-0.00089074
0.000936131
-0.00116727
0.000828616
-0.00132994
0.000847373
-0.00120796
0.000688543
-0.00104252
0.000728764
-0.000870807
0.00101509
-0.000935683
0.00101702
-0.000916846
0.000938355
-0.00121205
0.00102175
-0.00104252
0.00130312
-0.000888974
0.00130592
-0.000921917
0.00141896
-0.000963043
0.00134066
-0.00116544
0.000994125
-0.00114303
0.00100186
-0.00114303
0.000994125
-0.00116544
0.00134066
-0.000963043
0.00141896
-0.000921917
0.00130592
-0.000888974
0.00130312
-0.00104252
0.00102175
-0.00121205
0.000938355
-0.000916846
0.000913079
-0.000834295
0.00102857
-0.000629999
0.000688543
-0.000888974
0.000605717
-0.00105125
0.000805991
-0.0012614
0.000789953
-0.00109334
0.000910928
-0.00071363
0.000958416
-0.000781984
0.000958416
-0.00071363
0.000910928
-0.00109334
0.000789953
-0.0012614
0.000805991
-0.00105125
0.000605717
-0.000888974
0.000688543
-0.000629999
0.00102857
-0.000834295
0.000913079
-0.000836763
0.00090138
-0.00130741
0.000941153
-0.00120796
0.00130592
-0.00105125
0.00131675
-0.00112705
0.00146109
-0.0011079
0.00135991
-0.00127129
0.000932834
-0.0012438
0.000933277
-0.0012438
0.000932834
-0.00127129
0.00135991
-0.0011079
0.00146109
-0.00112705
0.00131675
-0.00105125
0.00130592
-0.00120796
0.000941153
-0.00130741
0.00090138
-0.000836763
0.00091001
-0.000863992
0.00113073
-0.000638734
0.000847373
-0.000921917
0.000805991
-0.00112705
0.00108253
-0.00139512
0.00103964
-0.00123127
0.00109736
-0.000798333
0.0010897
-0.000850912
0.0010897
-0.000798333
0.00109736
-0.00123127
0.00103964
-0.00139512
0.00108253
-0.00112705
0.000805991
-0.000921917
0.000847373
-0.000638734
0.00113073
-0.000863992
0.00091001
-0.000839877
0.00092661
-0.00131995
0.00103277
-0.00132994
0.00141896
-0.0012614
0.00146109
-0.00139512
0.00157158
-0.0012924
0.00145343
-0.00135059
0.00100039
-0.00129203
0.000973845
-0.00129203
0.00100039
-0.00135059
0.00145343
-0.0012924
0.00157158
-0.00139512
0.00146109
-0.0012614
0.00141896
-0.00132994
0.00103277
-0.00131995
0.00092661
-0.000839877
0.00092051
-0.000883817
0.00106144
-0.000771032
0.000828616
-0.000963043
0.000789953
-0.0011079
0.00103964
-0.0012924
0.000960545
-0.00121008
0.000996214
-0.000880107
0.00100171
-0.00094048
0.00100171
-0.000880107
0.000996214
-0.00121008
0.000960545
-0.0012924
0.00103964
-0.0011079
0.000789953
-0.000963043
0.000828616
-0.000771032
0.00106144
-0.000883817
0.00092051
-0.000957046
0.000999384
-0.00124412
0.00114662
-0.00116727
0.00134066
-0.00109334
0.00135991
-0.00123127
0.00145343
-0.00121008
0.0014371
-0.00132173
0.00108467
-0.00133367
0.00105259
-0.00133367
0.00108467
-0.00132173
0.0014371
-0.00121008
0.00145343
-0.00123127
0.00135991
-0.00109334
0.00134066
-0.00116727
0.00114662
-0.00124412
0.000999384
-0.000957046
0.00102254
-0.000992828
0.00109162
-0.00105743
0.000936131
-0.00116544
0.000910928
-0.00127129
0.00109736
-0.00135059
0.000996214
-0.00132173
0.000974864
-0.0011274
0.000871955
-0.00133157
0.000871955
-0.0011274
0.000974864
-0.00132173
0.000996214
-0.00135059
0.00109736
-0.00127129
0.000910928
-0.00116544
0.000936131
-0.00105743
0.00109162
-0.000992828
0.00102254
-0.00106085
0.00100667
-0.00110571
0.00108051
-0.00089074
0.000994125
-0.00071363
0.000932834
-0.000798333
0.00100039
-0.000880107
0.00108467
-0.0011274
0.000739888
-0.00155563
0.000151846
-0.00155563
0.000739888
-0.0011274
0.00108467
-0.000880107
0.00100039
-0.000798333
0.000932834
-0.00071363
0.000994125
-0.00089074
0.00108051
-0.00110571
0.00100667
-0.00106085
0.00107337
-0.0010395
0.0011106
-0.00114016
0.000961963
-0.00114303
0.000958416
-0.0012438
0.0010897
-0.00129203
0.00100171
-0.00133367
0.000871955
-0.00155563
-0.000487368
-0.00519417
-0.000487368
-0.00155563
0.000871955
-0.00133367
0.00100171
-0.00129203
0.0010897
-0.0012438
0.000958416
-0.00114303
0.000961963
-0.00114016
0.0011106
-0.0010395
0.00107337
-0.00116263
0.00109804
-0.00117011
0.00115632
-0.000956296
0.00100186
-0.000781984
0.000933277
-0.000850912
0.000973845
-0.00094048
0.00105259
-0.00133157
0.000151846
-0.00519417
-0.0207937
-0.00519417
0.000151846
-0.00133157
0.00105259
-0.00094048
0.000973845
-0.000850912
0.000933277
-0.000781984
0.00100186
-0.000956296
0.00115632
-0.00117011
0.00109804
-0.00116263
0.00107337
-0.0010395
0.0011106
-0.00114016
0.000961963
-0.00114303
0.000958416
-0.0012438
0.0010897
-0.00129203
0.00100171
-0.00133367
0.000871955
-0.00155563
-0.000487368
-0.00519417
-0.000487368
-0.00155563
0.000871955
-0.00133367
0.00100171
-0.00129203
0.0010897
-0.0012438
0.000958416
-0.00114303
0.000961963
-0.00114016
0.0011106
-0.0010395
0.00107337
-0.00106085
0.00100667
-0.00110571
0.00108051
-0.00089074
0.000994125
-0.00071363
0.000932834
-0.000798333
0.00100039
-0.000880107
0.00108467
-0.0011274
0.000739888
-0.00155563
0.000151846
-0.00155563
0.000739888
-0.0011274
0.00108467
-0.000880107
0.00100039
-0.000798333
0.000932834
-0.00071363
0.000994125
-0.00089074
0.00108051
-0.00110571
0.00100667
-0.00106085
0.00102254
-0.000992828
0.00109162
-0.00105743
0.000936131
-0.00116544
0.000910928
-0.00127129
0.00109736
-0.00135059
0.000996214
-0.00132173
0.000974864
-0.0011274
0.000871955
-0.00133157
0.000871955
-0.0011274
0.000974864
-0.00132173
0.000996214
-0.00135059
0.00109736
-0.00127129
0.000910928
-0.00116544
0.000936131
-0.00105743
0.00109162
-0.000992828
0.00102254
-0.000957046
0.000999384
-0.00124412
0.00114662
-0.00116727
0.00134066
-0.00109334
0.00135991
-0.00123127
0.00145343
-0.00121008
0.0014371
-0.00132173
0.00108467
-0.00133367
0.00105259
-0.00133367
0.00108467
-0.00132173
0.0014371
-0.00121008
0.00145343
-0.00123127
0.00135991
-0.00109334
0.00134066
-0.00116727
0.00114662
-0.00124412
0.000999384
-0.000957046
0.00092051
-0.000883817
0.00106144
-0.000771032
0.000828616
-0.000963043
0.000789953
-0.0011079
0.00103964
-0.0012924
0.000960545
-0.00121008
0.000996214
-0.000880107
0.00100171
-0.00094048
0.00100171
-0.000880107
0.000996214
-0.00121008
0.000960545
-0.0012924
0.00103964
-0.0011079
0.000789953
-0.000963043
0.000828616
-0.000771032
0.00106144
-0.000883817
0.00092051
-0.000839877
0.00092661
-0.00131995
0.00103277
-0.00132994
0.00141896
-0.0012614
0.00146109
-0.00139512
0.00157158
-0.0012924
0.00145343
-0.00135059
0.00100039
-0.00129203
0.000973845
-0.00129203
0.00100039
-0.00135059
0.00145343
-0.0012924
0.00157158
-0.00139512
0.00146109
-0.0012614
0.00141896
-0.00132994
0.00103277
-0.00131995
0.00092661
-0.000839877
0.00091001
-0.000863992
0.00113073
-0.000638734
0.000847373
-0.000921917
0.000805991
-0.00112705
0.00108253
-0.00139512
0.00103964
-0.00123127
0.00109736
-0.000798333
0.0010897
-0.000850912
0.0010897
-0.000798333
0.00109736
-0.00123127
0.00103964
-0.00139512
0.00108253
-0.00112705
0.000805991
-0.000921917
0.000847373
-0.000638734
0.00113073
-0.000863992
0.00091001
-0.000836763
0.00090138
-0.00130741
0.000941153
-0.00120796
0.00130592
-0.00105125
0.00131675
-0.00112705
0.00146109
-0.0011079
0.00135991
-0.00127129
0.000932834
-0.0012438
0.000933277
-0.0012438
0.000932834
-0.00127129
0.00135991
-0.0011079
0.00146109
-0.00112705
0.00131675
-0.00105125
0.00130592
-0.00120796
0.000941153
-0.00130741
0.00090138
-0.000836763
0.000913079
-0.000834295
0.00102857
-0.000629999
0.000688543
-0.000888974
0.000605717
-0.00105125
0.000805991
-0.0012614
0.000789953
-0.00109334
0.000910928
-0.00071363
0.000958416
-0.000781984
0.000958416
-0.00071363
0.000910928
-0.00109334
0.000789953
-0.0012614
0.000805991
-0.00105125
0.000605717
-0.000888974
0.000688543
-0.000629999
0.00102857
-0.000834295
0.000913079
-0.000916846
0.000938355
-0.00121205
0.00102175
-0.00104252
0.00130312
-0.000888974
0.00130592
-0.000921917
0.00141896
-0.000963043
0.00134066
-0.00116544
0.000994125
-0.00114303
0.00100186
-0.00114303
0.000994125
-0.00116544
0.00134066
-0.000963043
0.00141896
-0.000921917
0.00130592
-0.000888974
0.00130312
-0.00104252
0.00102175
-0.00121205
0.000938355
-0.000916846
0.00101702
-0.000935683
0.00101509
-0.000870807
0.000728764
-0.00104252
0.000688543
-0.00120796
0.000847373
-0.00132994
0.000828616
-0.00116727
0.000936131
-0.00089074
0.000961963
-0.000956296
0.000961963
-0.00089074
0.000936131
-0.00116727
0.000828616
-0.00132994
0.000847373
-0.00120796
0.000688543
-0.00104252
0.000728764
-0.000870807
0.00101509
-0.000935683
0.00101702
-0.00111893
0.00106754
-0.00112646
0.00106021
-0.000870807
0.00102175
-0.000629999
0.000941153
-0.000638734
0.00103277
-0.000771032
0.00114662
-0.00105743
0.00108051
-0.00114016
0.00115632
-0.00114016
0.00108051
-0.00105743
0.00114662
-0.000771032
0.00103277
-0.000638734
0.000941153
-0.000629999
0.00102175
-0.000870807
0.00106021
-0.00112646
0.00106754
-0.00111893
0.00112449
-0.001091
0.00110506
-0.00112646
0.00101509
-0.00121205
0.00102857
-0.00130741
0.00113073
-0.00131995
0.00106144
-0.00124412
0.00109162
-0.00110571
0.0011106
-0.00117011
0.0011106
-0.00110571
0.00109162
-0.00124412
0.00106144
-0.00131995
0.00113073
-0.00130741
0.00102857
-0.00121205
0.00101509
-0.00112646
0.00110506
-0.001091
0.00112449
-0.00118106
0.00110655
-0.001091
0.00106754
-0.000935683
0.000938355
-0.000834295
0.00090138
-0.000863992
0.00092661
-0.000883817
0.000999384
-0.000992828
0.00100667
-0.0010395
0.00109804
-0.0010395
0.00100667
-0.000992828
0.000999384
-0.000883817
0.00092661
-0.000863992
0.00090138
-0.000834295
0.000938355
-0.000935683
0.00106754
-0.001091
0.00110655
-0.00118106
0.00106206
-0.00118106
0.00112449
-0.00111893
0.00101702
-0.000916846
0.000913079
-0.000836763
0.00091001
-0.000839877
0.00092051
-0.000957046
0.00102254
-0.00106085
0.00107337
-0.00116263
0.00107337
-0.00106085
0.00102254
-0.000957046
0.00092051
-0.000839877
0.00091001
-0.000836763
0.000913079
-0.000916846
0.00101702
-0.00111893
0.00112449
-0.00118106
0.00106206
