0.000966148
-0.0012235
0.00122878
-0.00122663
0.00104331
-0.00113973
0.000864022
-0.00112793
0.000809501
-0.00125336
0.000929003
-0.0012821
0.00111431
-0.00108138
0.0012402
-0.00126693
0.0012402
-0.00108138
0.00111431
-0.0012821
0.000929003
-0.00125336
0.000809501
-0.00112793
0.000864022
-0.00113973
0.00104331
-0.00122663
0.00122878
-0.0012235
0.000966148
-0.0012235
0.0012483
-0.0011941
0.00131392
-0.00112982
0.00121307
-0.00118101
0.00124655
-0.00120852
0.00136468
-0.00122504
0.00136631
-0.00119297
0.00113095
-0.00119222
0.00132061
-0.00119222
0.00113095
-0.00119297
0.00136631
-0.00122504
0.00136468
-0.00120852
0.00124655
-0.00118101
0.00121307
-0.00112982
0.00131392
-0.0011941
0.0012483
-0.0012235
0.00122878
-0.0011941
0.00112231
-0.00119493
0.00100255
-0.000960508
0.000936466
-0.000836381
0.000906564
-0.000863384
0.000976738
-0.0010514
0.00103414
-0.0011789
0.00121656
-0.00139901
0.00121656
-0.0011789
0.00103414
-0.0010514
0.000976738
-0.000863384
0.000906564
-0.000836381
0.000936466
-0.000960508
0.00100255
-0.00119493
0.00112231
-0.0011941
0.00122878
-0.00122663
0.00131392
-0.00119493
0.00151723
-0.00129212
0.00144557
-0.00155097
0.00153325
-0.00164684
0.00164813
-0.00157973
0.00165401
-0.00132335
0.00122924
-0.00116835
0.00136734
-0.00116835
0.00122924
-0.00132335
0.00165401
-0.00157973
0.00164813
-0.00164684
0.00153325
-0.00155097
0.00144557
-0.00129212
0.00151723
-0.00119493
0.00131392
-0.00122663
0.00104331
-0.00112982
0.00100255
-0.00129212
0.000946077
-0.00107241
0.000835302
-0.000964119
0.000814942
-0.00103625
0.000908572
-0.00124121
0.00095777
-0.0012278
0.00124106
-0.00140404
0.00124106
-0.0012278
0.00095777
-0.00124121
0.000908572
-0.00103625
0.000814942
-0.000964119
0.000835302
-0.00107241
0.000946077
-0.00129212
0.00100255
-0.00112982
0.00104331
-0.00113973
0.00121307
-0.000960508
0.00144557
-0.00107241
0.00156373
-0.00128817
0.00176973
-0.00135399
0.00181892
-0.00124889
0.00170339
-0.00103927
0.00120489
-0.00114593
0.00123119
-0.00114593
0.00120489
-0.00103927
0.00170339
-0.00124889
0.00181892
-0.00135399
0.00176973
-0.00128817
0.00156373
-0.00107241
0.00144557
-0.000960508
0.00121307
-0.00113973
0.000864022
-0.00118101
0.000936466
-0.00155097
0.000835302
-0.00128817
0.000541617
-0.00124936
0.000526557
-0.00147517
0.000640964
-0.00167734
0.000907181
-0.00130583
0.00135575
-0.00143267
0.00135575
-0.00130583
0.000907181
-0.00167734
0.000640964
-0.00147517
0.000526557
-0.00124936
0.000541617
-0.00128817
0.000835302
-0.00155097
0.000936466
-0.00118101
0.000864022
-0.00112793
0.00124655
-0.000836381
0.00153325
-0.000964119
0.00176973
-0.00124936
0.00211187
-0.00127961
0.00213356
-0.00109503
0.00197455
-0.00100195
0.00128212
-0.00123257
0.00124879
-0.00123257
0.00128212
-0.00100195
0.00197455
-0.00109503
0.00213356
-0.00127961
0.00211187
-0.00124936
0.00176973
-0.000964119
0.00153325
-0.000836381
0.00124655
-0.00112793
0.000809501
-0.00120852
0.000906564
-0.00164684
0.000814942
-0.00135399
0.000526557
-0.00127961
0.000485419
-0.00155851
0.000631771
-0.00184236
0.000966901
-0.00147967
0.00151841
-0.0016289
0.00151841
-0.00147967
0.000966901
-0.00184236
0.000631771
-0.00155851
0.000485419
-0.00127961
0.000526557
-0.00135399
0.000814942
-0.00164684
0.000906564
-0.00120852
0.000809501
-0.00125336
0.00136468
-0.000863384
0.00164813
-0.00103625
0.00181892
-0.00147517
0.00213356
-0.00155851
0.00225553
-0.0013161
0.002054
-0.00109029
0.00127665
-0.0011876
0.00126443
-0.0011876
0.00127665
-0.00109029
0.002054
-0.0013161
0.00225553
-0.00155851
0.00213356
-0.00147517
0.00181892
-0.00103625
0.00164813
-0.000863384
0.00136468
-0.00125336
0.000929003
-0.00122504
0.000976738
-0.00157973
0.000908572
-0.00124889
0.000640964
-0.00109503
0.000631771
-0.0013161
0.00067878
-0.00161002
0.000977881
-0.00149049
0.00145799
-0.00166033
0.00145799
-0.00149049
0.000977881
-0.00161002
0.00067878
-0.0013161
0.000631771
-0.00109503
0.000640964
-0.00124889
0.000908572
-0.00157973
0.000976738
-0.00122504
0.000929003
-0.0012821
0.00136631
-0.0010514
0.00165401
-0.00124121
0.00170339
-0.00167734
0.00197455
-0.00184236
0.002054
-0.00161002
0.00187138
-0.00125105
0.00124312
-0.00119714
0.00117749
-0.00119714
0.00124312
-0.00125105
0.00187138
-0.00161002
0.002054
-0.00184236
0.00197455
-0.00167734
0.00170339
-0.00124121
0.00165401
-0.0010514
0.00136631
-0.0012821
0.00111431
-0.00119297
0.00103414
-0.00132335
0.00095777
-0.00103927
0.000907181
-0.00100195
0.000966901
-0.00109029
0.000977881
-0.00125105
0.00082833
-0.00128055
0.000932509
-0.00153301
0.000932509
-0.00128055
0.00082833
-0.00125105
0.000977881
-0.00109029
0.000966901
-0.00100195
0.000907181
-0.00103927
0.00095777
-0.00132335
0.00103414
-0.00119297
0.00111431
-0.00108138
0.00113095
-0.0011789
0.00122924
-0.0012278
0.00120489
-0.00130583
0.00128212
-0.00147967
0.00127665
-0.00149049
0.00124312
-0.00128055
0.000995971
-0.00170987
0.000291867
-0.00170987
0.000995971
-0.00128055
0.00124312
-0.00149049
0.00127665
-0.00147967
0.00128212
-0.00130583
0.00120489
-0.0012278
0.00122924
-0.0011789
0.00113095
-0.00108138
0.0012402
-0.00119222
0.00121656
-0.00116835
0.00124106
-0.00114593
0.00135575
-0.00123257
0.00151841
-0.0011876
0.00145799
-0.00119714
0.000932509
-0.00170987
-0.000438399
-0.00523265
-0.000438399
-0.00170987
0.000932509
-0.00119714
0.00145799
-0.0011876
0.00151841
-0.00123257
0.00135575
-0.00114593
0.00124106
-0.00116835
0.00121656
-0.00119222
0.0012402
-0.00126693
0.00132061
-0.00139901
0.00136734
-0.00140404
0.00123119
-0.00143267
0.00124879
-0.0016289
0.00126443
-0.00166033
0.00117749
-0.00153301
0.000291867
-0.00523265
-0.0207471
-0.00523265
0.000291867
-0.00153301
0.00117749
-0.00166033
0.00126443
-0.0016289
0.00124879
-0.00143267
0.00123119
-0.00140404
0.00136734
-0.00139901
0.00132061
-0.00126693
0.0012402
-0.00119222
0.00121656
-0.00116835
0.00124106
-0.00114593
0.00135575
-0.00123257
0.00151841
-0.0011876
0.00145799
-0.00119714
0.000932509
-0.00170987
-0.000438399
-0.00523265
-0.000438399
-0.00170987
0.000932509
-0.00119714
0.00145799
-0.0011876
0.00151841
-0.00123257
0.00135575
-0.00114593
0.00124106
-0.00116835
0.00121656
-0.00119222
0.0012402
-0.00108138
0.00113095
-0.0011789
0.00122924
-0.0012278
0.00120489
-0.00130583
0.00128212
-0.00147967
0.00127665
-0.00149049
0.00124312
-0.00128055
0.000995971
-0.00170987
0.000291867
-0.00170987
0.000995971
-0.00128055
0.00124312
-0.00149049
0.00127665
-0.00147967
0.00128212
-0.00130583
0.00120489
-0.0012278
0.00122924
-0.0011789
0.00113095
-0.00108138
0.00111431
-0.00119297
0.00103414
-0.00132335
0.00095777
-0.00103927
0.000907181
-0.00100195
0.000966901
-0.00109029
0.000977881
-0.00125105
0.00082833
-0.00128055
0.000932509
-0.00153301
0.000932509
-0.00128055
0.00082833
-0.00125105
0.000977881
-0.00109029
0.000966901
-0.00100195
0.000907181
-0.00103927
0.00095777
-0.00132335
0.00103414
-0.00119297
0.00111431
-0.0012821
0.00136631
-0.0010514
0.00165401
-0.00124121
0.00170339
-0.00167734
0.00197455
-0.00184236
0.002054
-0.00161002
0.00187138
-0.00125105
0.00124312
-0.00119714
0.00117749
-0.00119714
0.00124312
-0.00125105
0.00187138
-0.00161002
0.002054
-0.00184236
0.00197455
-0.00167734
0.00170339
-0.00124121
0.00165401
-0.0010514
0.00136631
-0.0012821
0.000929003
-0.00122504
0.000976738
-0.00157973
0.000908572
-0.00124889
0.000640964
-0.00109503
0.000631771
-0.0013161
0.00067878
-0.00161002
0.000977881
-0.00149049
0.00145799
-0.00166033
0.00145799
-0.00149049
0.000977881
-0.00161002
0.00067878
-0.0013161
0.000631771
-0.00109503
0.000640964
-0.00124889
0.000908572
-0.00157973
0.000976738
-0.00122504
0.000929003
-0.00125336
0.00136468
-0.000863384
0.00164813
-0.00103625
0.00181892
-0.00147517
0.00213356
-0.00155851
0.00225553
-0.0013161
0.002054
-0.00109029
0.00127665
-0.0011876
0.00126443
-0.0011876
0.00127665
-0.00109029
0.002054
-0.0013161
0.00225553
-0.00155851
0.00213356
-0.00147517
0.00181892
-0.00103625
0.00164813
-0.000863384
0.00136468
-0.00125336
0.000809501
-0.00120852
0.000906564
-0.00164684
0.000814942
-0.00135399
0.000526557
-0.00127961
0.000485419
-0.00155851
0.000631771
-0.00184236
0.000966901
-0.00147967
0.00151841
-0.0016289
0.00151841
-0.00147967
0.000966901
-0.00184236
0.000631771
-0.00155851
0.000485419
-0.00127961
0.000526557
-0.00135399
0.000814942
-0.00164684
0.000906564
-0.00120852
0.000809501
-0.00112793
0.00124655
-0.000836381
0.00153325
-0.000964119
0.00176973
-0.00124936
0.00211187
-0.00127961
0.00213356
-0.00109503
0.00197455
-0.00100195
0.00128212
-0.00123257
0.00124879
-0.00123257
0.00128212
-0.00100195
0.00197455
-0.00109503
0.00213356
-0.00127961
0.00211187
-0.00124936
0.00176973
-0.000964119
0.00153325
-0.000836381
0.00124655
-0.00112793
0.000864022
-0.00118101
0.000936466
-0.00155097
0.000835302
-0.00128817
0.000541617
-0.00124936
0.000526557
-0.00147517
0.000640964
-0.00167734
0.000907181
-0.00130583
0.00135575
-0.00143267
0.00135575
-0.00130583
0.000907181
-0.00167734
0.000640964
-0.00147517
0.000526557
-0.00124936
0.000541617
-0.00128817
0.000835302
-0.00155097
0.000936466
-0.00118101
0.000864022
-0.00113973
0.00121307
-0.000960508
0.00144557
-0.00107241
0.00156373
-0.00128817
0.00176973
-0.00135399
0.00181892
-0.00124889
0.00170339
-0.00103927
0.00120489
-0.00114593
0.00123119
-0.00114593
0.00120489
-0.00103927
0.00170339
-0.00124889
0.00181892
-0.00135399
0.00176973
-0.00128817
0.00156373
-0.00107241
0.00144557
-0.000960508
0.00121307
-0.00113973
0.00104331
-0.00112982
0.00100255
-0.00129212
0.000946077
-0.00107241
0.000835302
-0.000964119
0.000814942
-0.00103625
0.000908572
-0.00124121
0.00095777
-0.0012278
0.00124106
-0.00140404
0.00124106
-0.0012278
0.00095777
-0.00124121
0.000908572
-0.00103625
0.000814942
-0.000964119
0.000835302
-0.00107241
0.000946077
-0.00129212
0.00100255
-0.00112982
0.00104331
-0.00122663
0.00131392
-0.00119493
0.00151723
-0.00129212
0.00144557
-0.00155097
0.00153325
-0.00164684
0.00164813
-0.00157973
0.00165401
-0.00132335
0.00122924
-0.00116835
0.00136734
-0.00116835
0.00122924
-0.00132335
0.00165401
-0.00157973
0.00164813
-0.00164684
0.00153325
-0.00155097
0.00144557
-0.00129212
0.00151723
-0.00119493
0.00131392
-0.00122663
0.00122878
-0.0011941
0.00112231
-0.00119493
0.00100255
-0.000960508
0.000936466
-0.000836381
0.000906564
-0.000863384
0.000976738
-0.0010514
0.00103414
-0.0011789
0.00121656
-0.00139901
0.00121656
-0.0011789
0.00103414
-0.0010514
0.000976738
-0.000863384
0.000906564
-0.000836381
0.000936466
-0.000960508
0.00100255
-0.00119493
0.00112231
-0.0011941
0.00122878
-0.0012235
0.0012483
-0.0011941
0.00131392
-0.00112982
0.00121307
-0.00118101
0.00124655
-0.00120852
0.00136468
-0.00122504
0.00136631
-0.00119297
0.00113095
-0.00119222
0.00132061
-0.00119222
0.00113095
-0.00119297
0.00136631
-0.00122504
0.00136468
-0.00120852
0.00124655
-0.00118101
0.00121307
-0.00112982
0.00131392
-0.0011941
0.0012483
-0.0012235
0.000966148
-0.0012235
0.00122878
-0.00122663
0.00104331
-0.00113973
0.000864022
-0.00112793
0.000809501
-0.00125336
0.000929003
-0.0012821
0.00111431
-0.00108138
0.0012402
-0.00126693
0.0012402
-0.00108138
0.00111431
-0.0012821
0.000929003
-0.00125336
0.000809501
-0.00112793
0.000864022
-0.00113973
0.00104331
-0.00122663
0.00122878
-0.0012235
0.000966148
