0.000868153
-0.00116836
0.00104975
-0.00116428
0.00112382
-0.00121311
0.000986351
-0.00129107
0.000900758
-0.00138772
0.000997007
-0.00131207
0.00110195
-0.00116229
0.001381
-0.00112874
0.001381
-0.00116229
0.00110195
-0.00131207
0.000997007
-0.00138772
0.000900758
-0.00129107
0.000986351
-0.00121311
0.00112382
-0.00116428
0.00104975
-0.00116836
0.000868153
-0.00116836
0.00118389
-0.00102484
0.00134571
-0.00114288
0.00138347
-0.00126306
0.00146216
-0.00121409
0.00153104
-0.00127241
0.00141056
-0.00108966
0.00127138
-0.00124392
0.00114907
-0.00124392
0.00127138
-0.00108966
0.00141056
-0.00127241
0.00153104
-0.00121409
0.00146216
-0.00126306
0.00138347
-0.00114288
0.00134571
-0.00102484
0.00118389
-0.00116836
0.00104975
-0.00102484
0.000824982
-0.00125431
0.000914666
-0.00118942
0.00103981
-0.00107944
0.000828037
-0.00112011
0.000886921
-0.00117795
0.000969342
-0.00137231
0.00138736
-0.00146519
0.00138736
-0.00137231
0.000969342
-0.00117795
0.000886921
-0.00112011
0.000828037
-0.00107944
0.00103981
-0.00118942
0.000914666
-0.00125431
0.000824982
-0.00102484
0.00104975
-0.00116428
0.00134571
-0.00125431
0.00216271
-0.00167179
0.00221119
-0.0022047
0.00232185
-0.0021833
0.00247208
-0.00219556
0.00211883
-0.0015322
0.00189598
-0.00145326
0.0015037
-0.00145326
0.00189598
-0.0015322
0.00211883
-0.00219556
0.00247208
-0.0021833
0.00232185
-0.0022047
0.00221119
-0.00167179
0.00216271
-0.00125431
0.00134571
-0.00116428
0.00112382
-0.00114288
0.000914666
-0.00167179
0.00107025
-0.00157443
0.00136476
-0.00143177
0.0011028
-0.00150525
0.00117208
-0.0014714
0.00107679
-0.0016542
0.00146758
-0.00161476
0.00146758
-0.0016542
0.00107679
-0.0014714
0.00117208
-0.00150525
0.0011028
-0.00143177
0.00136476
-0.00157443
0.00107025
-0.00167179
0.000914666
-0.00114288
0.00112382
-0.00121311
0.00138347
-0.00118942
0.00221119
-0.00157443
0.00230147
-0.0021503
0.00240215
-0.00196144
0.00256144
-0.00195914
0.00219679
-0.00151573
0.00190972
-0.00153532
0.00148161
-0.00153532
0.00190972
-0.00151573
0.00219679
-0.00195914
0.00256144
-0.00196144
0.00240215
-0.0021503
0.00230147
-0.00157443
0.00221119
-0.00118942
0.00138347
-0.00121311
0.000986351
-0.00126306
0.00103981
-0.0022047
0.00136476
-0.0021503
0.00173029
-0.0020623
0.00139183
-0.00228122
0.00153042
-0.00210462
0.00140094
-0.00204123
0.00179857
-0.0018207
0.00179857
-0.00204123
0.00140094
-0.00210462
0.00153042
-0.00228122
0.00139183
-0.0020623
0.00173029
-0.0021503
0.00136476
-0.0022047
0.00103981
-0.00126306
0.000986351
-0.00129107
0.00146216
-0.00107944
0.00232185
-0.00143177
0.00240215
-0.0020623
0.00256952
-0.00177966
0.00279178
-0.001759
0.0022958
-0.00137946
0.00183618
-0.00149184
0.00133772
-0.00149184
0.00183618
-0.00137946
0.0022958
-0.001759
0.00279178
-0.00177966
0.00256952
-0.0020623
0.00240215
-0.00143177
0.00232185
-0.00107944
0.00146216
-0.00129107
0.000900758
-0.00121409
0.000828037
-0.0021833
0.0011028
-0.00196144
0.00139183
-0.00177966
0.000885539
-0.00211965
0.00102627
-0.00196727
0.00121995
-0.00198507
0.00185049
-0.00186311
0.00185049
-0.00198507
0.00121995
-0.00196727
0.00102627
-0.00211965
0.000885539
-0.00177966
0.00139183
-0.00196144
0.0011028
-0.0021833
0.000828037
-0.00121409
0.000900758
-0.00138772
0.00153104
-0.00112011
0.00247208
-0.00150525
0.00256144
-0.00228122
0.00279178
-0.00211965
0.0029959
-0.00202014
0.0024239
-0.00141396
0.00185315
-0.00133295
0.00126141
-0.00133295
0.00185315
-0.00141396
0.0024239
-0.00202014
0.0029959
-0.00211965
0.00279178
-0.00228122
0.00256144
-0.00150525
0.00247208
-0.00112011
0.00153104
-0.00138772
0.000997007
-0.00127241
0.000886921
-0.00219556
0.00117208
-0.00195914
0.00153042
-0.001759
0.00102627
-0.00202014
0.00106594
-0.00190203
0.00125885
-0.00201556
0.00174846
-0.00189371
0.00174846
-0.00201556
0.00125885
-0.00190203
0.00106594
-0.00202014
0.00102627
-0.001759
0.00153042
-0.00195914
0.00117208
-0.00219556
0.000886921
-0.00127241
0.000997007
-0.00131207
0.00141056
-0.00117795
0.00211883
-0.0014714
0.00219679
-0.00210462
0.0022958
-0.00196727
0.0024239
-0.00190203
0.00202494
-0.00138224
0.00159888
-0.00131854
0.00123538
-0.00131854
0.00159888
-0.00138224
0.00202494
-0.00190203
0.0024239
-0.00196727
0.0022958
-0.00210462
0.00219679
-0.0014714
0.00211883
-0.00117795
0.00141056
-0.00131207
0.00110195
-0.00108966
0.000969342
-0.0015322
0.00107679
-0.00151573
0.00140094
-0.00137946
0.00121995
-0.00141396
0.00125885
-0.00138224
0.000949157
-0.0015739
0.00100359
-0.00171735
0.00100359
-0.0015739
0.000949157
-0.00138224
0.00125885
-0.00141396
0.00121995
-0.00137946
0.00140094
-0.00151573
0.00107679
-0.0015322
0.000969342
-0.00108966
0.00110195
-0.00116229
0.00127138
-0.00137231
0.00189598
-0.0016542
0.00190972
-0.00204123
0.00183618
-0.00198507
0.00185315
-0.00201556
0.00159888
-0.0015739
0.00146827
-0.00183551
0.000554469
-0.00183551
0.00146827
-0.0015739
0.00159888
-0.00201556
0.00185315
-0.00198507
0.00183618
-0.00204123
0.00190972
-0.0016542
0.00189598
-0.00137231
0.00127138
-0.00116229
0.001381
-0.00124392
0.00138736
-0.00145326
0.00146758
-0.00153532
0.00179857
-0.00149184
0.00185049
-0.00133295
0.00174846
-0.00131854
0.00100359
-0.00183551
-0.000514357
-0.00539934
-0.000514357
-0.00183551
0.00100359
-0.00131854
0.00174846
-0.00133295
0.00185049
-0.00149184
0.00179857
-0.00153532
0.00146758
-0.00145326
0.00138736
-0.00124392
0.001381
-0.00112874
0.00114907
-0.00146519
0.0015037
-0.00161476
0.00148161
-0.0018207
0.00133772
-0.00186311
0.00126141
-0.00189371
0.00123538
-0.00171735
0.000554469
-0.00539934
-0.0203755
-0.00539934
0.000554469
-0.00171735
0.00123538
-0.00189371
0.00126141
-0.00186311
0.00133772
-0.0018207
0.00148161
-0.00161476
0.0015037
-0.00146519
0.00114907
-0.00112874
0.001381
-0.00124392
0.00138736
-0.00145326
0.00146758
-0.00153532
0.00179857
-0.00149184
0.00185049
-0.00133295
0.00174846
-0.00131854
0.00100359
-0.00183551
-0.000514357
-0.00539934
-0.000514357
-0.00183551
0.00100359
-0.00131854
0.00174846
-0.00133295
0.00185049
-0.00149184
0.00179857
-0.00153532
0.00146758
-0.00145326
0.00138736
-0.00124392
0.001381
-0.00116229
0.00127138
-0.00137231
0.00189598
-0.0016542
0.00190972
-0.00204123
0.00183618
-0.00198507
0.00185315
-0.00201556
0.00159888
-0.0015739
0.00146827
-0.00183551
0.000554469
-0.00183551
0.00146827
-0.0015739
0.00159888
-0.00201556
0.00185315
-0.00198507
0.00183618
-0.00204123
0.00190972
-0.0016542
0.00189598
-0.00137231
0.00127138
-0.00116229
0.00110195
-0.00108966
0.000969342
-0.0015322
0.00107679
-0.00151573
0.00140094
-0.00137946
0.00121995
-0.00141396
0.00125885
-0.00138224
0.000949157
-0.0015739
0.00100359
-0.00171735
0.00100359
-0.0015739
0.000949157
-0.00138224
0.00125885
-0.00141396
0.00121995
-0.00137946
0.00140094
-0.00151573
0.00107679
-0.0015322
0.000969342
-0.00108966
0.00110195
-0.00131207
0.00141056
-0.00117795
0.00211883
-0.0014714
0.00219679
-0.00210462
0.0022958
-0.00196727
0.0024239
-0.00190203
0.00202494
-0.00138224
0.00159888
-0.00131854
0.00123538
-0.00131854
0.00159888
-0.00138224
0.00202494
-0.00190203
0.0024239
-0.00196727
0.0022958
-0.00210462
0.00219679
-0.0014714
0.00211883
-0.00117795
0.00141056
-0.00131207
0.000997007
-0.00127241
0.000886921
-0.00219556
0.00117208
-0.00195914
0.00153042
-0.001759
0.00102627
-0.00202014
0.00106594
-0.00190203
0.00125885
-0.00201556
0.00174846
-0.00189371
0.00174846
-0.00201556
0.00125885
-0.00190203
0.00106594
-0.00202014
0.00102627
-0.001759
0.00153042
-0.00195914
0.00117208
-0.00219556
0.000886921
-0.00127241
0.000997007
-0.00138772
0.00153104
-0.00112011
0.00247208
-0.00150525
0.00256144
-0.00228122
0.00279178
-0.00211965
0.0029959
-0.00202014
0.0024239
-0.00141396
0.00185315
-0.00133295
0.00126141
-0.00133295
0.00185315
-0.00141396
0.0024239
-0.00202014
0.0029959
-0.00211965
0.00279178
-0.00228122
0.00256144
-0.00150525
0.00247208
-0.00112011
0.00153104
-0.00138772
0.000900758
-0.00121409
0.000828037
-0.0021833
0.0011028
-0.00196144
0.00139183
-0.00177966
0.000885539
-0.00211965
0.00102627
-0.00196727
0.00121995
-0.00198507
0.00185049
-0.00186311
0.00185049
-0.00198507
0.00121995
-0.00196727
0.00102627
-0.00211965
0.000885539
-0.00177966
0.00139183
-0.00196144
0.0011028
-0.0021833
0.000828037
-0.00121409
0.000900758
-0.00129107
0.00146216
-0.00107944
0.00232185
-0.00143177
0.00240215
-0.0020623
0.00256952
-0.00177966
0.00279178
-0.001759
0.0022958
-0.00137946
0.00183618
-0.00149184
0.00133772
-0.00149184
0.00183618
-0.00137946
0.0022958
-0.001759
0.00279178
-0.00177966
0.00256952
-0.0020623
0.00240215
-0.00143177
0.00232185
-0.00107944
0.00146216
-0.00129107
0.000986351
-0.00126306
0.00103981
-0.0022047
0.00136476
-0.0021503
0.00173029
-0.0020623
0.00139183
-0.00228122
0.00153042
-0.00210462
0.00140094
-0.00204123
0.00179857
-0.0018207
0.00179857
-0.00204123
0.00140094
-0.00210462
0.00153042
-0.00228122
0.00139183
-0.0020623
0.00173029
-0.0021503
0.00136476
-0.0022047
0.00103981
-0.00126306
0.000986351
-0.00121311
0.00138347
-0.00118942
0.00221119
-0.00157443
0.00230147
-0.0021503
0.00240215
-0.00196144
0.00256144
-0.00195914
0.00219679
-0.00151573
0.00190972
-0.00153532
0.00148161
-0.00153532
0.00190972
-0.00151573
0.00219679
-0.00195914
0.00256144
-0.00196144
0.00240215
-0.0021503
0.00230147
-0.00157443
0.00221119
-0.00118942
0.00138347
-0.00121311
0.00112382
-0.00114288
0.000914666
-0.00167179
0.00107025
-0.00157443
0.00136476
-0.00143177
0.0011028
-0.00150525
0.00117208
-0.0014714
0.00107679
-0.0016542
0.00146758
-0.00161476
0.00146758
-0.0016542
0.00107679
-0.0014714
0.00117208
-0.00150525
0.0011028
-0.00143177
0.00136476
-0.00157443
0.00107025
-0.00167179
0.000914666
-0.00114288
0.00112382
-0.00116428
0.00134571
-0.00125431
0.00216271
-0.00167179
0.00221119
-0.0022047
0.00232185
-0.0021833
0.00247208
-0.00219556
0.00211883
-0.0015322
0.00189598
-0.00145326
0.0015037
-0.00145326
0.00189598
-0.0015322
0.00211883
-0.00219556
0.00247208
-0.0021833
0.00232185
-0.0022047
0.00221119
-0.00167179
0.00216271
-0.00125431
0.00134571
-0.00116428
0.00104975
-0.00102484
0.000824982
-0.00125431
0.000914666
-0.00118942
0.00103981
-0.00107944
0.000828037
-0.00112011
0.000886921
-0.00117795
0.000969342
-0.00137231
0.00138736
-0.00146519
0.00138736
-0.00137231
0.000969342
-0.00117795
0.000886921
-0.00112011
0.000828037
-0.00107944
0.00103981
-0.00118942
0.000914666
-0.00125431
0.000824982
-0.00102484
0.00104975
-0.00116836
0.00118389
-0.00102484
0.00134571
-0.00114288
0.00138347
-0.00126306
0.00146216
-0.00121409
0.00153104
-0.00127241
0.00141056
-0.00108966
0.00127138
-0.00124392
0.00114907
-0.00124392
0.00127138
-0.00108966
0.00141056
-0.00127241
0.00153104
-0.00121409
0.00146216
-0.00126306
0.00138347
-0.00114288
0.00134571
-0.00102484
0.00118389
-0.00116836
0.000868153
-0.00116836
0.00104975
-0.00116428
0.00112382
-0.00121311
0.000986351
-0.00129107
0.000900758
-0.00138772
0.000997007
-0.00131207
0.00110195
-0.00116229
0.001381
-0.00112874
0.001381
-0.00116229
0.00110195
-0.00131207
0.000997007
-0.00138772
0.000900758
-0.00129107
0.000986351
-0.00121311
0.00112382
-0.00116428
0.00104975
-0.00116836
0.000868153
