0.00117249
-0.00129743
0.00115457
-0.00134986
0.00106468
-0.00134932
0.00109038
-0.00136448
0.00124644
-0.00134426
0.00146039
-0.00138589
0.00153811
-0.00151008
0.00149645
-0.00155956
0.00149645
-0.00151008
0.00153811
-0.00138589
0.00146039
-0.00134426
0.00124644
-0.00136448
0.00109038
-0.00134932
0.00106468
-0.00134986
0.00115457
-0.00129743
0.00117249
-0.00129743
0.00118092
-0.00113677
0.00109659
-0.00102921
0.00109838
-0.00102713
0.00112177
-0.00117112
0.00110471
-0.00137107
0.00111167
-0.00145121
0.00118447
-0.00141223
0.00121991
-0.00141223
0.00118447
-0.00145121
0.00111167
-0.00137107
0.00110471
-0.00117112
0.00112177
-0.00102713
0.00109838
-0.00102921
0.00109659
-0.00113677
0.00118092
-0.00129743
0.00115457
-0.00113677
0.0012764
-0.00116233
0.00132641
-0.00123185
0.00126896
-0.00116233
0.0012467
-0.000995219
0.00126561
-0.000861441
0.00127212
-0.000864096
0.00123904
-0.000895079
0.00123904
-0.000864096
0.00127212
-0.000861441
0.00126561
-0.000995219
0.0012467
-0.00116233
0.00126896
-0.00123185
0.00132641
-0.00116233
0.0012764
-0.00113677
0.00115457
-0.00134986
0.00109659
-0.00116233
0.000714435
-0.00096649
0.000679387
-0.000900696
0.000783104
-0.00113256
0.000904996
-0.00145195
0.000994938
-0.00159628
0.00104459
-0.00159446
0.00105303
-0.00159446
0.00104459
-0.00159628
0.000994938
-0.00145195
0.000904996
-0.00113256
0.000783104
-0.000900696
0.000679387
-0.00096649
0.000714435
-0.00116233
0.00109659
-0.00134986
0.00106468
-0.00102921
0.00132641
-0.00096649
0.00145157
-0.00105253
0.00137121
-0.00098499
0.00123194
-0.000828199
0.00114719
-0.000626991
0.00114908
-0.000564726
0.00115287
-0.000581718
0.00115287
-0.000564726
0.00114908
-0.000626991
0.00114719
-0.000828199
0.00123194
-0.00098499
0.00137121
-0.00105253
0.00145157
-0.00096649
0.00132641
-0.00102921
0.00106468
-0.00134932
0.00109838
-0.00123185
0.000679387
-0.00105253
0.000655629
-0.000973306
0.000792033
-0.00121945
0.000967152
-0.00157466
0.00108801
-0.00174173
0.00113995
-0.00175135
0.00115456
-0.00175135
0.00113995
-0.00174173
0.00108801
-0.00157466
0.000967152
-0.00121945
0.000792033
-0.000973306
0.000655629
-0.00105253
0.000679387
-0.00123185
0.00109838
-0.00134932
0.00109038
-0.00102713
0.00126896
-0.000900696
0.00137121
-0.000973306
0.00126465
-0.000890568
0.00113581
-0.000767044
0.00106447
-0.000550194
0.0010727
-0.000483391
0.00105127
-0.000520131
0.00105127
-0.000483391
0.0010727
-0.000550194
0.00106447
-0.000767044
0.00113581
-0.000890568
0.00126465
-0.000973306
0.00137121
-0.000900696
0.00126896
-0.00102713
0.00109038
-0.00136448
0.00112177
-0.00116233
0.000783104
-0.00098499
0.000792033
-0.000890568
0.000865645
-0.00114408
0.000942308
-0.0015016
0.000994593
-0.0016445
0.00108274
-0.00161699
0.00113913
-0.00161699
0.00108274
-0.0016445
0.000994593
-0.0015016
0.000942308
-0.00114408
0.000865645
-0.000890568
0.000792033
-0.00098499
0.000783104
-0.00116233
0.00112177
-0.00136448
0.00124644
-0.00117112
0.0012467
-0.00113256
0.00123194
-0.00121945
0.00113581
-0.00114408
0.00123043
-0.0010222
0.00141899
-0.000886008
0.00149627
-0.000963183
0.00143148
-0.00106727
0.00143148
-0.000963183
0.00149627
-0.000886008
0.00141899
-0.0010222
0.00123043
-0.00114408
0.00113581
-0.00121945
0.00123194
-0.00113256
0.0012467
-0.00117112
0.00124644
-0.00134426
0.00110471
-0.000995219
0.000904996
-0.000828199
0.000967152
-0.000767044
0.000942308
-0.0010222
0.000877359
-0.00136323
0.000757759
-0.00147014
0.00084631
-0.00135629
0.00095685
-0.00135629
0.00084631
-0.00147014
0.000757759
-0.00136323
0.000877359
-0.0010222
0.000942308
-0.000767044
0.000967152
-0.000828199
0.000904996
-0.000995219
0.00110471
-0.00134426
0.00146039
-0.00137107
0.00126561
-0.00145195
0.00114719
-0.00157466
0.00106447
-0.0015016
0.00141899
-0.00136323
0.0019102
-0.00133056
0.00208214
-0.00160464
0.00197106
-0.00181361
0.00197106
-0.00160464
0.00208214
-0.00133056
0.0019102
-0.00136323
0.00141899
-0.0015016
0.00106447
-0.00157466
0.00114719
-0.00145195
0.00126561
-0.00137107
0.00146039
-0.00138589
0.00111167
-0.000861441
0.000994938
-0.000626991
0.00108801
-0.000550194
0.000994593
-0.000886008
0.000757759
-0.00133056
0.000543437
-0.00141598
0.000662971
-0.00126358
0.000781849
-0.00126358
0.000662971
-0.00141598
0.000543437
-0.00133056
0.000757759
-0.000886008
0.000994593
-0.000550194
0.00108801
-0.000626991
0.000994938
-0.000861441
0.00111167
-0.00138589
0.00153811
-0.00145121
0.00127212
-0.00159628
0.00114908
-0.00174173
0.0010727
-0.0016445
0.00149627
-0.00147014
0.00208214
-0.00141598
0.00225201
-0.00180137
0.00199371
-0.00218811
0.00199371
-0.00180137
0.00225201
-0.00141598
0.00208214
-0.00147014
0.00149627
-0.0016445
0.0010727
-0.00174173
0.00114908
-0.00159628
0.00127212
-0.00145121
0.00153811
-0.00151008
0.00118447
-0.000864096
0.00104459
-0.000564726
0.00113995
-0.000483391
0.00108274
-0.000963183
0.00084631
-0.00160464
0.000662971
-0.00180137
0.000728201
-0.00200926
0.000253986
-0.00200926
0.000728201
-0.00180137
0.000662971
-0.00160464
0.00084631
-0.000963183
0.00108274
-0.000483391
0.00113995
-0.000564726
0.00104459
-0.000864096
0.00118447
-0.00151008
0.00149645
-0.00141223
0.00123904
-0.00159446
0.00115287
-0.00175135
0.00105127
-0.00161699
0.00143148
-0.00135629
0.00197106
-0.00126358
0.00199371
-0.00200926
0.000493451
-0.00581035
0.000493451
-0.00200926
0.00199371
-0.00126358
0.00197106
-0.00135629
0.00143148
-0.00161699
0.00105127
-0.00175135
0.00115287
-0.00159446
0.00123904
-0.00141223
0.00149645
-0.00155956
0.00121991
-0.000895079
0.00105303
-0.000581718
0.00115456
-0.000520131
0.00113913
-0.00106727
0.00095685
-0.00181361
0.000781849
-0.00218811
0.000253986
-0.00581035
-0.0206188
-0.00581035
0.000253986
-0.00218811
0.000781849
-0.00181361
0.00095685
-0.00106727
0.00113913
-0.000520131
0.00115456
-0.000581718
0.00105303
-0.000895079
0.00121991
-0.00155956
0.00149645
-0.00141223
0.00123904
-0.00159446
0.00115287
-0.00175135
0.00105127
-0.00161699
0.00143148
-0.00135629
0.00197106
-0.00126358
0.00199371
-0.00200926
0.000493451
-0.00581035
0.000493451
-0.00200926
0.00199371
-0.00126358
0.00197106
-0.00135629
0.00143148
-0.00161699
0.00105127
-0.00175135
0.00115287
-0.00159446
0.00123904
-0.00141223
0.00149645
-0.00151008
0.00118447
-0.000864096
0.00104459
-0.000564726
0.00113995
-0.000483391
0.00108274
-0.000963183
0.00084631
-0.00160464
0.000662971
-0.00180137
0.000728201
-0.00200926
0.000253986
-0.00200926
0.000728201
-0.00180137
0.000662971
-0.00160464
0.00084631
-0.000963183
0.00108274
-0.000483391
0.00113995
-0.000564726
0.00104459
-0.000864096
0.00118447
-0.00151008
0.00153811
-0.00145121
0.00127212
-0.00159628
0.00114908
-0.00174173
0.0010727
-0.0016445
0.00149627
-0.00147014
0.00208214
-0.00141598
0.00225201
-0.00180137
0.00199371
-0.00218811
0.00199371
-0.00180137
0.00225201
-0.00141598
0.00208214
-0.00147014
0.00149627
-0.0016445
0.0010727
-0.00174173
0.00114908
-0.00159628
0.00127212
-0.00145121
0.00153811
-0.00138589
0.00111167
-0.000861441
0.000994938
-0.000626991
0.00108801
-0.000550194
0.000994593
-0.000886008
0.000757759
-0.00133056
0.000543437
-0.00141598
0.000662971
-0.00126358
0.000781849
-0.00126358
0.000662971
-0.00141598
0.000543437
-0.00133056
0.000757759
-0.000886008
0.000994593
-0.000550194
0.00108801
-0.000626991
0.000994938
-0.000861441
0.00111167
-0.00138589
0.00146039
-0.00137107
0.00126561
-0.00145195
0.00114719
-0.00157466
0.00106447
-0.0015016
0.00141899
-0.00136323
0.0019102
-0.00133056
0.00208214
-0.00160464
0.00197106
-0.00181361
0.00197106
-0.00160464
0.00208214
-0.00133056
0.0019102
-0.00136323
0.00141899
-0.0015016
0.00106447
-0.00157466
0.00114719
-0.00145195
0.00126561
-0.00137107
0.00146039
-0.00134426
0.00110471
-0.000995219
0.000904996
-0.000828199
0.000967152
-0.000767044
0.000942308
-0.0010222
0.000877359
-0.00136323
0.000757759
-0.00147014
0.00084631
-0.00135629
0.00095685
-0.00135629
0.00084631
-0.00147014
0.000757759
-0.00136323
0.000877359
-0.0010222
0.000942308
-0.000767044
0.000967152
-0.000828199
0.000904996
-0.000995219
0.00110471
-0.00134426
0.00124644
-0.00117112
0.0012467
-0.00113256
0.00123194
-0.00121945
0.00113581
-0.00114408
0.00123043
-0.0010222
0.00141899
-0.000886008
0.00149627
-0.000963183
0.00143148
-0.00106727
0.00143148
-0.000963183
0.00149627
-0.000886008
0.00141899
-0.0010222
0.00123043
-0.00114408
0.00113581
-0.00121945
0.00123194
-0.00113256
0.0012467
-0.00117112
0.00124644
-0.00136448
0.00112177
-0.00116233
0.000783104
-0.00098499
0.000792033
-0.000890568
0.000865645
-0.00114408
0.000942308
-0.0015016
0.000994593
-0.0016445
0.00108274
-0.00161699
0.00113913
-0.00161699
0.00108274
-0.0016445
0.000994593
-0.0015016
0.000942308
-0.00114408
0.000865645
-0.000890568
0.000792033
-0.00098499
0.000783104
-0.00116233
0.00112177
-0.00136448
0.00109038
-0.00102713
0.00126896
-0.000900696
0.00137121
-0.000973306
0.00126465
-0.000890568
0.00113581
-0.000767044
0.00106447
-0.000550194
0.0010727
-0.000483391
0.00105127
-0.000520131
0.00105127
-0.000483391
0.0010727
-0.000550194
0.00106447
-0.000767044
0.00113581
-0.000890568
0.00126465
-0.000973306
0.00137121
-0.000900696
0.00126896
-0.00102713
0.00109038
-0.00134932
0.00109838
-0.00123185
0.000679387
-0.00105253
0.000655629
-0.000973306
0.000792033
-0.00121945
0.000967152
-0.00157466
0.00108801
-0.00174173
0.00113995
-0.00175135
0.00115456
-0.00175135
0.00113995
-0.00174173
0.00108801
-0.00157466
0.000967152
-0.00121945
0.000792033
-0.000973306
0.000655629
-0.00105253
0.000679387
-0.00123185
0.00109838
-0.00134932
0.00106468
-0.00102921
0.00132641
-0.00096649
0.00145157
-0.00105253
0.00137121
-0.00098499
0.00123194
-0.000828199
0.00114719
-0.000626991
0.00114908
-0.000564726
0.00115287
-0.000581718
0.00115287
-0.000564726
0.00114908
-0.000626991
0.00114719
-0.000828199
0.00123194
-0.00098499
0.00137121
-0.00105253
0.00145157
-0.00096649
0.00132641
-0.00102921
0.00106468
-0.00134986
0.00109659
-0.00116233
0.000714435
-0.00096649
0.000679387
-0.000900696
0.000783104
-0.00113256
0.000904996
-0.00145195
0.000994938
-0.00159628
0.00104459
-0.00159446
0.00105303
-0.00159446
0.00104459
-0.00159628
0.000994938
-0.00145195
0.000904996
-0.00113256
0.000783104
-0.000900696
0.000679387
-0.00096649
0.000714435
-0.00116233
0.00109659
-0.00134986
0.00115457
-0.00113677
0.0012764
-0.00116233
0.00132641
-0.00123185
0.00126896
-0.00116233
0.0012467
-0.000995219
0.00126561
-0.000861441
0.00127212
-0.000864096
0.00123904
-0.000895079
0.00123904
-0.000864096
0.00127212
-0.000861441
0.00126561
-0.000995219
0.0012467
-0.00116233
0.00126896
-0.00123185
0.00132641
-0.00116233
0.0012764
-0.00113677
0.00115457
-0.00129743
0.00118092
-0.00113677
0.00109659
-0.00102921
0.00109838
-0.00102713
0.00112177
-0.00117112
0.00110471
-0.00137107
0.00111167
-0.00145121
0.00118447
-0.00141223
0.00121991
-0.00141223
0.00118447
-0.00145121
0.00111167
-0.00137107
0.00110471
-0.00117112
0.00112177
-0.00102713
0.00109838
-0.00102921
0.00109659
-0.00113677
0.00118092
-0.00129743
0.00117249
-0.00129743
0.00115457
-0.00134986
0.00106468
-0.00134932
0.00109038
-0.00136448
0.00124644
-0.00134426
0.00146039
-0.00138589
0.00153811
-0.00151008
0.00149645
-0.00155956
0.00149645
-0.00151008
0.00153811
-0.00138589
0.00146039
-0.00134426
0.00124644
-0.00136448
0.00109038
-0.00134932
0.00106468
-0.00134986
0.00115457
-0.00129743
0.00117249
