4.1728e+28
4.22121e+29
7.96562e+29
-6.62688e+29
-1.84996e+29
-3.04655e+29
7.65437e+29
-4.64066e+29
-7.93394e+28
-3.43606e+29
9.49472e+28
-1.34168e+29
1.15996e+29
-5.99851e+28
-9.60999e+28
1.7444e+29
-2.59804e+29
2.43077e+29
-3.77738e+29
5.08705e+29
-4.88724e+29
2.05669e+29
-5.92636e+29
3.84896e+28
3.51866e+29
3.90566e+29
-5.61802e+29
-4.20224e+29
2.33268e+29
3.21416e+29
-1.98232e+28
4.7089e+28
4.60841e+29
8.57008e+29
-7.28489e+29
-2.17724e+29
-3.31376e+29
8.20723e+29
-5.05231e+29
-9.95323e+28
-3.71409e+29
9.74557e+28
-1.43246e+29
1.222e+29
-6.33623e+28
-1.07953e+29
1.91273e+29
-2.84227e+29
2.629e+29
-4.08747e+29
5.51614e+29
-5.30694e+29
2.20569e+29
-6.49462e+29
3.64306e+28
3.79787e+29
4.2379e+29
-6.2049e+29
-4.62733e+29
3.14433e+29
4.58244e+29
3.2245e+29
-6.09914e+28
-4.58063e+29
-2.13292e+30
1.55651e+30
-2.31064e+28
1.20248e+30
-2.21051e+30
1.51669e+30
-3.95453e+29
1.12884e+30
-5.32694e+29
5.57689e+29
-5.24167e+29
3.57678e+29
8.43515e+28
-3.29628e+29
5.66627e+29
-7.74116e+29
1.28964e+30
-1.51942e+30
1.39864e+30
-7.86762e+29
1.42335e+30
-1.81266e+29
-6.51316e+29
-8.29234e+29
1.07255e+30
9.01481e+29
-6.5752e+29
-7.97996e+29
-5.74485e+29
1.15727e+29
4.09482e+29
2.58824e+30
-1.74205e+30
-3.36403e+29
-1.48295e+30
2.94605e+30
-2.09393e+30
6.99054e+29
-1.81243e+30
9.74238e+29
-1.00661e+30
1.01458e+30
-7.92716e+29
1.06157e+29
1.58896e+29
-4.69791e+29
9.81569e+29
-1.93561e+30
2.22322e+30
-1.94747e+30
1.12206e+30
-2.05075e+30
2.678e+29
8.65324e+29
1.16789e+30
-1.49067e+30
-1.26523e+30
8.13258e+29
1.11156e+30
7.95755e+29
-1.37803e+29
-4.38949e+29
-2.66268e+30
1.74084e+30
9.68149e+29
1.25597e+30
-3.35873e+30
2.35353e+30
-8.28198e+29
2.35745e+30
-1.35672e+30
1.39815e+30
-1.46979e+30
1.19588e+30
-3.27025e+29
7.9436e+28
2.96359e+29
-1.02025e+30
2.33152e+30
-2.70507e+30
2.25269e+30
-1.25615e+30
2.55281e+30
-2.8782e+29
-1.21105e+30
-1.51491e+30
1.90155e+30
1.70756e+30
-9.8166e+29
-1.47171e+30
-1.04903e+30
1.56067e+29
4.49255e+29
2.5536e+30
-1.66172e+30
-1.58978e+30
-7.71228e+29
3.49673e+30
-2.44942e+30
7.98232e+29
-2.64922e+30
1.55758e+30
-1.58408e+30
1.65512e+30
-1.32372e+30
3.28589e+29
-6.63003e+28
-3.83171e+29
1.13554e+30
-2.59821e+30
3.01076e+30
-2.40598e+30
1.28691e+30
-2.87629e+30
1.85006e+29
1.55518e+30
1.81922e+30
-2.22927e+30
-2.11018e+30
1.13904e+30
1.75835e+30
1.62238e+30
-3.46483e+29
-4.08304e+29
-2.26246e+30
1.48684e+30
2.10176e+30
1.58371e+29
-3.35994e+30
2.38689e+30
-6.07358e+29
2.64569e+30
-1.5243e+30
1.51557e+30
-1.53903e+30
1.15731e+30
-6.97269e+28
-2.215e+29
7.20581e+29
-1.36132e+30
2.80393e+30
-3.19609e+30
2.46478e+30
-1.27625e+30
3.04574e+30
-1.39966e+28
-1.81119e+30
-2.06158e+30
2.43226e+30
2.38647e+30
-1.20356e+30
-1.93691e+30
-1.78684e+30
3.14715e+29
3.61337e+29
1.92423e+30
-1.30258e+30
-2.46704e+30
3.87095e+29
-4.3718e+31
3.73375e+31
-1.0418e+31
2.4799e+31
-2.51083e+31
1.62637e+31
-1.92942e+31
1.20588e+31
3.41467e+30
-1.03381e+31
1.32584e+31
-2.61852e+31
4.76323e+31
-5.47207e+31
3.40039e+31
-3.13794e+31
4.04824e+31
5.49516e+30
-2.31521e+31
-3.28155e+31
3.79839e+31
3.29439e+31
-2.16916e+31
-2.13085e+31
1.89748e+30
-3.04759e+29
-1.47705e+30
2.86448e+31
-9.74707e+30
-4.14058e+31
1.58574e+31
4.05065e+31
-3.58879e+31
8.59442e+30
-2.2802e+31
2.28219e+31
-1.35763e+31
1.71043e+31
-1.01296e+31
-6.07494e+30
1.27782e+31
-1.43294e+31
2.71724e+31
-4.96063e+31
5.60442e+31
-3.38184e+31
3.16232e+31
-4.13168e+31
-6.13935e+30
2.32911e+31
3.50981e+31
-3.92607e+31
-3.36871e+31
2.07213e+31
2.26201e+31
-1.98425e+30
3.06393e+29
-8.62493e+30
-4.18261e+31
3.281e+31
9.55816e+31
-4.16212e+31
-8.10961e+31
4.7983e+31
2.37125e+31
3.20374e+31
-2.4248e+31
4.6526e+29
-2.22483e+31
1.59463e+31
1.40804e+31
-1.58092e+31
3.11404e+30
-1.65678e+31
5.94617e+31
-7.35798e+31
1.63047e+31
-1.83793e+31
8.23692e+31
2.69297e+31
-7.81803e+31
-7.59379e+31
9.26966e+31
9.45159e+31
-3.74109e+31
-6.79054e+31
2.03572e+30
-3.05562e+29
1.80735e+31
5.49802e+31
-3.22751e+31
-9.47922e+31
4.33834e+31
7.93077e+31
-4.76613e+31
-2.39833e+31
-3.15306e+31
2.28127e+31
1.36909e+30
2.10415e+31
-1.49244e+31
-1.54021e+31
1.59706e+31
-1.8568e+30
1.60981e+31
-6.10271e+31
7.59171e+31
-1.70778e+31
1.82029e+31
-8.3862e+31
-2.5566e+31
7.76587e+31
7.77868e+31
-9.38317e+31
-9.4264e+31
3.60743e+31
6.80069e+31
-2.04973e+30
3.02883e+29
-1.7791e+31
-5.40945e+31
3.19871e+31
9.36685e+31
-4.36328e+31
-7.73245e+31
4.63166e+31
2.4303e+31
3.1604e+31
-2.27352e+31
-2.68354e+30
-1.91548e+31
1.39416e+31
1.67062e+31
-1.70881e+31
1.18362e+30
-1.59414e+31
6.33255e+31
-7.82174e+31
1.72445e+31
-1.8077e+31
8.46808e+31
2.53869e+31
-7.73882e+31
-7.8326e+31
9.34388e+31
9.36539e+31
-3.55225e+31
-6.76021e+31
2.03155e+30
-3.00217e+29
-4.93513e+30
-8.93207e+30
1.75903e+31
3.7322e+31
-3.38912e+30
-1.41977e+31
1.81882e+31
1.58723e+31
2.31127e+31
2.22296e+30
3.89873e+30
-2.54912e+30
6.12833e+30
7.81599e+30
-4.23993e+30
5.87144e+30
-6.82539e+30
2.49321e+31
-2.35675e+31
1.63984e+31
1.0313e+30
3.55049e+31
1.15806e+31
-1.35559e+31
-1.7189e+31
2.81463e+31
2.96802e+31
-2.63762e+30
-1.8841e+31
-2.0136e+30
3.02611e+29
4.89982e+30
8.88941e+30
-1.752e+31
-3.71151e+31
3.46599e+30
1.38581e+31
-1.80273e+31
-1.59332e+31
-2.30367e+31
-2.00054e+30
-4.01554e+30
2.61649e+30
-6.25196e+30
-7.91947e+30
4.08625e+30
-5.16517e+30
6.76797e+30
-2.55978e+31
2.37429e+31
-1.61173e+31
-7.44149e+29
-3.58007e+31
-1.18858e+31
1.35097e+31
1.71405e+31
-2.74782e+31
-2.9577e+31
2.58651e+30
1.83019e+31
2.00559e+30
-3.0599e+29
-4.82556e+30
-8.77041e+30
1.75162e+31
3.67699e+31
-3.68695e+30
-1.3204e+31
1.81775e+31
1.57488e+31
2.27182e+31
1.5609e+30
4.53625e+30
-2.72835e+30
6.50134e+30
7.74651e+30
-3.84405e+30
4.6515e+30
-6.7847e+30
2.6005e+31
-2.37426e+31
1.59224e+31
5.22505e+29
3.58566e+31
1.22747e+31
-1.32234e+31
-1.72636e+31
2.63109e+31
3.00268e+31
-2.03643e+30
-1.80784e+31
-1.9575e+30
3.02719e+29
4.79834e+30
8.71221e+30
-1.76964e+31
-3.70314e+31
3.99329e+30
1.34554e+31
-1.79037e+31
-1.60682e+31
-2.30173e+31
-1.71236e+30
-4.63219e+30
3.83973e+30
-6.84418e+30
-7.83042e+30
3.45958e+30
-4.39728e+30
6.991e+30
-2.59791e+31
2.36167e+31
-1.60585e+31
-4.75027e+29
-3.56741e+31
-1.24565e+31
1.27935e+31
1.72101e+31
-2.52194e+31
-3.02787e+31
1.59626e+30
1.78069e+31
-2.19346e+30
8.42294e+29
-4.707e+30
-8.80465e+30
1.75405e+31
3.73061e+31
-3.89278e+30
-1.35171e+31
1.7547e+31
1.61958e+31
2.3198e+31
1.6671e+30
4.81625e+30
-4.53863e+30
7.17833e+30
7.93546e+30
-3.36455e+30
4.18922e+30
-7.076e+30
2.60791e+31
-2.33072e+31
1.59884e+31
3.24182e+29
3.56272e+31
1.2567e+31
-1.25216e+31
-1.71526e+31
2.48571e+31
3.00723e+31
-1.57861e+30
-1.75103e+31
2.13396e+30
-7.98051e+29
4.50265e+30
8.77238e+30
-1.71177e+31
-3.72164e+31
3.7312e+30
1.30698e+31
-1.76411e+31
-1.60107e+31
-2.26801e+31
-1.32585e+30
-5.47366e+30
4.63606e+30
-7.35018e+30
-7.85158e+30
3.55076e+30
-4.08944e+30
7.04141e+30
-2.62613e+31
2.29261e+31
-1.57175e+31
-7.1948e+28
-3.57195e+31
-1.26866e+31
2.91269e+31
-5.06168e+29
-7.06814e+30
-3.25801e+31
1.03285e+31
2.88499e+31
9.18417e+30
-3.72323e+30
-3.91883e+30
-5.65835e+30
1.48352e+31
2.68704e+30
1.0716e+30
-1.27671e+31
1.20764e+31
1.96149e+31
-1.86828e+30
5.4966e+30
-5.49883e+30
9.42092e+28
4.41445e+30
-2.33655e+30
1.45233e+31
-2.66899e+31
3.27775e+31
-2.94442e+31
2.90593e+31
-3.385e+31
3.32896e+31
-7.90869e+30
2.95946e+31
-2.924e+31
5.17075e+29
7.16183e+30
3.27554e+31
-1.02979e+31
-2.89167e+31
-2.36362e+31
3.41755e+30
3.44541e+30
5.88872e+30
-1.38083e+31
-3.23112e+30
-2.26002e+30
1.28982e+31
-1.08385e+31
-1.99086e+31
1.49795e+30
-5.48804e+30
6.47751e+30
-1.40104e+30
-4.23342e+30
2.63246e+30
-1.42795e+31
2.68429e+31
-3.31018e+31
2.89368e+31
-2.85692e+31
3.35029e+31
-3.2647e+31
7.45391e+30
-2.93076e+31
2.88694e+31
-8.48613e+28
-7.17742e+30
-3.28002e+31
9.92699e+30
2.89888e+31
2.36903e+31
-3.51782e+30
-3.61224e+30
-5.20885e+30
1.40701e+31
3.33695e+30
7.42673e+29
-1.22154e+31
1.11608e+31
2.03072e+31
-2.29592e+30
6.19739e+30
-7.39262e+30
2.36416e+30
3.66926e+30
-3.00116e+30
1.47759e+31
-2.6657e+31
3.27657e+31
-2.87849e+31
2.80361e+31
-3.25412e+31
3.19973e+31
-7.15689e+30
2.9015e+31
-2.83497e+31
-3.93942e+29
7.40703e+30
3.26418e+31
-9.54652e+30
-2.92731e+31
-2.38557e+31
3.9132e+30
4.23141e+30
3.82885e+30
-1.48329e+31
-3.41811e+30
2.70798e+30
1.07528e+31
-1.18902e+31
-2.1329e+31
3.58434e+30
-7.12016e+30
8.82566e+30
-2.71688e+30
-2.97592e+30
5.87882e+29
-1.33364e+31
2.60628e+31
-3.11202e+31
2.76817e+31
-2.82865e+31
3.23959e+31
-3.09022e+31
6.76753e+30
-2.93903e+31
2.79192e+31
8.75893e+29
-7.70957e+30
-3.24701e+31
9.45769e+30
2.98062e+31
2.82833e+31
-4.79545e+30
-4.93892e+30
-2.58758e+30
1.42848e+31
4.65095e+30
-5.79896e+30
-8.88188e+30
1.10597e+31
2.32573e+31
-4.83572e+30
7.88082e+30
-1.08561e+31
-3.77901e+31
2.72742e+31
8.93021e+30
-3.00399e+31
6.31625e+31
-8.72862e+31
1.32714e+32
-1.36541e+32
1.19422e+32
-8.77594e+31
1.1003e+32
-1.12869e+31
2.22901e+30
-6.96956e+31
4.42225e+31
2.93463e+31
4.91975e+30
-2.81462e+31
-2.84599e+31
6.24344e+30
-2.91103e+31
2.47003e+31
-2.37245e+31
-7.71099e+31
2.06217e+31
5.68936e+31
-6.53601e+31
2.75103e+31
-7.40142e+31
4.30057e+31
-4.98616e+31
4.41706e+31
-3.5558e+31
9.33429e+29
2.08168e+31
-5.47302e+31
7.81584e+31
-1.21432e+32
1.27758e+32
-1.16355e+32
8.65974e+31
-1.06354e+32
1.14277e+31
-3.11427e+30
6.42996e+31
-3.96273e+31
-2.8678e+31
-3.55368e+30
2.42395e+31
2.81773e+31
-9.14154e+30
3.14707e+31
-2.76111e+31
3.19891e+31
5.90148e+31
-6.96192e+30
-6.78728e+31
7.35443e+31
-3.52934e+31
7.72194e+31
-4.82675e+31
5.26619e+31
-4.86105e+31
4.29216e+31
-1.15269e+31
-9.79964e+30
4.2783e+31
-6.59549e+31
1.08231e+32
-1.17255e+32
1.11895e+32
-8.56858e+31
1.02194e+32
-1.32969e+31
6.73229e+30
-5.88466e+31
3.46273e+31
2.57511e+31
3.242e+30
-2.00176e+31
-2.76081e+31
1.1459e+31
-3.18105e+31
2.95048e+31
-4.12687e+31
-3.8976e+31
-6.8001e+30
7.72735e+31
-7.80007e+31
4.04138e+31
-7.55359e+31
4.88754e+31
-5.10284e+31
4.83704e+31
-4.53212e+31
1.8426e+31
1.67734e+30
-3.23114e+31
5.37109e+31
-9.37251e+31
1.0498e+32
-1.04614e+32
8.30811e+31
-9.67575e+31
1.6036e+31
-1.11703e+31
5.33883e+31
-3.01983e+31
-2.17739e+31
-3.68415e+30
1.59346e+31
2.53562e+31
-1.01291e+31
2.93456e+31
-3.05888e+31
4.75616e+31
2.0978e+31
1.84159e+31
-8.0002e+31
7.50977e+31
-4.01257e+31
6.73954e+31
-4.37579e+31
4.38168e+31
-4.18879e+31
4.01286e+31
-1.84164e+31
8.7718e+29
2.65075e+31
-4.41361e+31
7.83901e+31
-9.10055e+31
9.34545e+31
-7.56283e+31
8.7718e+31
-1.85818e+31
1.42e+31
-4.67068e+31
2.6348e+31
1.78095e+31
4.16514e+30
-1.13745e+31
-1.95583e+31
8.52673e+30
-2.62569e+31
2.9698e+31
-4.32231e+31
-4.37277e+30
-2.5112e+31
7.11094e+31
-6.55448e+31
3.4787e+31
-5.32243e+31
3.37466e+31
-3.23491e+31
3.08391e+31
-2.95166e+31
1.31689e+31
8.37408e+29
-2.33198e+31
3.59645e+31
-6.18037e+31
7.34386e+31
-7.65794e+31
6.21197e+31
-7.20136e+31
1.81211e+31
-1.45252e+31
3.69875e+31
-2.11727e+31
-1.29895e+31
-4.02392e+30
6.24667e+30
1.24423e+31
-3.05747e+31
1.21945e+31
-2.6073e+31
3.00296e+31
-7.43729e+30
2.3791e+31
-5.23187e+31
5.00609e+31
-2.52629e+31
3.57284e+31
-2.1745e+31
1.99192e+31
-1.88724e+31
1.81962e+31
-7.03574e+30
-3.30979e+30
1.88226e+31
-2.64325e+31
4.35729e+31
-5.15461e+31
5.38906e+31
-4.41372e+31
5.04044e+31
-1.36564e+31
1.15718e+31
-2.46151e+31
1.42841e+31
8.32772e+30
2.26549e+30
-4.17092e+30
-1.14491e+31
3.15942e+31
9.5133e+30
1.14772e+31
-1.62484e+31
3.93247e+30
-9.45478e+30
2.46466e+31
-2.32097e+31
7.97623e+30
-1.46509e+31
7.53949e+30
-6.86066e+30
7.07132e+30
-7.03096e+30
1.27885e+30
3.11956e+30
-9.71304e+30
1.23334e+31
-1.9678e+31
2.28121e+31
-2.45716e+31
1.96553e+31
-2.44377e+31
4.79305e+30
-4.23643e+30
1.17304e+31
-7.97749e+30
-5.95009e+30
-4.32722e+29
5.6109e+30
8.13996e+30
2.06296e+31
3.15945e+31
-8.60332e+30
-1.63632e+31
-1.52131e+31
1.36458e+31
-6.63941e+29
1.24941e+31
-1.46198e+31
8.16789e+30
-8.08157e+30
6.7339e+30
-3.4974e+30
3.88446e+30
-1.90669e+30
-3.50894e+30
7.01908e+30
-1.00165e+31
1.66172e+31
-1.88608e+31
1.66089e+31
-1.57289e+31
1.01637e+31
-1.16718e+31
1.18419e+31
-3.69639e+30
-5.15733e+29
-3.27904e+31
2.02334e+31
2.69286e+31
2.69954e+30
