0.00109024
-0.00127098
0.00121988
-0.00124819
0.00117316
-0.00108161
0.00108084
-0.00097809
0.00102376
-0.000955527
0.00107628
-0.00105822
0.00110112
-0.00122211
0.00117853
-0.00124351
0.00117853
-0.00122211
0.00110112
-0.00105822
0.00107628
-0.000955527
0.00102376
-0.00097809
0.00108084
-0.00108161
0.00117316
-0.00124819
0.00121988
-0.00127098
0.00109024
-0.00127098
0.00119833
-0.00108938
0.00108522
-0.000902064
0.000870186
-0.000713301
0.000840845
-0.000635049
0.000856638
-0.000803576
0.000894847
-0.0009322
0.00108654
-0.00107934
0.0011235
-0.00107934
0.00108654
-0.0009322
0.000894847
-0.000803576
0.000856638
-0.000635049
0.000840845
-0.000713301
0.000870186
-0.000902064
0.00108522
-0.00108938
0.00119833
-0.00127098
0.00121988
-0.00108938
0.000942061
-0.00102045
0.000855609
-0.00103456
0.000808041
-0.00127859
0.000761353
-0.00127138
0.000898174
-0.00100317
0.000877623
-0.000961381
0.000893364
-0.000915463
0.000893364
-0.000961381
0.000877623
-0.00100317
0.000898174
-0.00127138
0.000761353
-0.00127859
0.000808041
-0.00103456
0.000855609
-0.00102045
0.000942061
-0.00108938
0.00121988
-0.00124819
0.00108522
-0.00102045
0.00101584
-0.000781341
0.000824802
-0.000397989
0.000953192
-0.000171893
0.00100458
-0.000574021
0.00082699
-0.000874169
0.000949886
-0.00102461
0.000997229
-0.00102461
0.000949886
-0.000874169
0.00082699
-0.000574021
0.00100458
-0.000171893
0.000953192
-0.000397989
0.000824802
-0.000781341
0.00101584
-0.00102045
0.00108522
-0.00124819
0.00117316
-0.000902064
0.000855609
-0.000781341
0.000689714
-0.000829658
0.000570176
-0.00130386
0.000398897
-0.0013392
0.000676919
-0.000779254
0.000789435
-0.00069125
0.000790945
-0.000710682
0.000790945
-0.00069125
0.000789435
-0.000779254
0.000676919
-0.0013392
0.000398897
-0.00130386
0.000570176
-0.000829658
0.000689714
-0.000781341
0.000855609
-0.000902064
0.00117316
-0.00108161
0.000870186
-0.00103456
0.000824802
-0.000829658
0.000653723
-0.000388295
0.000911123
-4.29493e-06
0.00103057
-0.000539219
0.000633378
-0.00093516
0.000702809
-0.000951585
0.000780065
-0.000951585
0.000702809
-0.00093516
0.000633378
-0.000539219
0.00103057
-4.29493e-06
0.000911123
-0.000388295
0.000653723
-0.000829658
0.000824802
-0.00103456
0.000870186
-0.00108161
0.00108084
-0.000713301
0.000808041
-0.000397989
0.000570176
-0.000388295
0.000493134
-0.0010414
0.000285774
-0.0011984
0.000628107
-0.00045602
0.000785744
-0.000403673
0.000683782
-0.000513768
0.000683782
-0.000403673
0.000785744
-0.00045602
0.000628107
-0.0011984
0.000285774
-0.0010414
0.000493134
-0.000388295
0.000570176
-0.000397989
0.000808041
-0.000713301
0.00108084
-0.00097809
0.000840845
-0.00127859
0.000953192
-0.00130386
0.000911123
-0.0010414
0.00129386
-0.000590081
0.00141603
-0.00103708
0.000791744
-0.00129391
0.000755929
-0.00107709
0.0008298
-0.00107709
0.000755929
-0.00129391
0.000791744
-0.00103708
0.00141603
-0.000590081
0.00129386
-0.0010414
0.000911123
-0.00130386
0.000953192
-0.00127859
0.000840845
-0.00097809
0.00102376
-0.000635049
0.000761353
-0.000171893
0.000398897
-4.29493e-06
0.000285774
-0.000590081
4.36351e-05
-0.000808928
0.000423606
-0.000148814
0.000645193
-0.000221841
0.000555825
-0.000413556
0.000555825
-0.000221841
0.000645193
-0.000148814
0.000423606
-0.000808928
4.36351e-05
-0.000590081
0.000285774
-4.29493e-06
0.000398897
-0.000171893
0.000761353
-0.000635049
0.00102376
-0.000955527
0.000856638
-0.00127138
0.00100458
-0.0013392
0.00103057
-0.0011984
0.00141603
-0.000808928
0.00152689
-0.00118046
0.00089838
-0.00133682
0.000827308
-0.00113204
0.000886491
-0.00113204
0.000827308
-0.00133682
0.00089838
-0.00118046
0.00152689
-0.000808928
0.00141603
-0.0011984
0.00103057
-0.0013392
0.00100458
-0.00127138
0.000856638
-0.000955527
0.00107628
-0.000803576
0.000898174
-0.000574021
0.000676919
-0.000539219
0.000628107
-0.00103708
0.000423606
-0.00118046
0.000705791
-0.000568196
0.00080267
-0.000584398
0.000747715
-0.00070933
0.000747715
-0.000584398
0.00080267
-0.000568196
0.000705791
-0.00118046
0.000423606
-0.00103708
0.000628107
-0.000539219
0.000676919
-0.000574021
0.000898174
-0.000803576
0.00107628
-0.00105822
0.000894847
-0.00100317
0.00082699
-0.000779254
0.000633378
-0.00045602
0.000791744
-0.000148814
0.00089838
-0.000568196
0.000547538
-0.000842499
0.000624333
-0.000947867
0.000658645
-0.000947867
0.000624333
-0.000842499
0.000547538
-0.000568196
0.00089838
-0.000148814
0.000791744
-0.00045602
0.000633378
-0.000779254
0.00082699
-0.00100317
0.000894847
-0.00105822
0.00110112
-0.0009322
0.000877623
-0.000874169
0.000789435
-0.00093516
0.000785744
-0.00129391
0.000645193
-0.00133682
0.00080267
-0.000842499
0.000690761
-0.00085035
0.000560459
-0.000979437
0.000560459
-0.00085035
0.000690761
-0.000842499
0.00080267
-0.00133682
0.000645193
-0.00129391
0.000785744
-0.00093516
0.000789435
-0.000874169
0.000877623
-0.0009322
0.00110112
-0.00122211
0.00108654
-0.000961381
0.000949886
-0.00069125
0.000702809
-0.000403673
0.000755929
-0.000221841
0.000827308
-0.000584398
0.000624333
-0.00085035
0.000666785
-0.00147228
6.60613e-05
-0.00147228
0.000666785
-0.00085035
0.000624333
-0.000584398
0.000827308
-0.000221841
0.000755929
-0.000403673
0.000702809
-0.00069125
0.000949886
-0.000961381
0.00108654
-0.00122211
0.00117853
-0.00107934
0.000893364
-0.00102461
0.000790945
-0.000951585
0.000683782
-0.00107709
0.000555825
-0.00113204
0.000747715
-0.000947867
0.000560459
-0.00147228
-0.000676064
-0.00500207
-0.000676064
-0.00147228
0.000560459
-0.000947867
0.000747715
-0.00113204
0.000555825
-0.00107709
0.000683782
-0.000951585
0.000790945
-0.00102461
0.000893364
-0.00107934
0.00117853
-0.00124351
0.0011235
-0.000915463
0.000997229
-0.000710682
0.000780065
-0.000513768
0.0008298
-0.000413556
0.000886491
-0.00070933
0.000658645
-0.000979437
6.60613e-05
-0.00500207
-0.0209627
-0.00500207
6.60613e-05
-0.000979437
0.000658645
-0.00070933
0.000886491
-0.000413556
0.0008298
-0.000513768
0.000780065
-0.000710682
0.000997229
-0.000915463
0.0011235
-0.00124351
0.00117853
-0.00107934
0.000893364
-0.00102461
0.000790945
-0.000951585
0.000683782
-0.00107709
0.000555825
-0.00113204
0.000747715
-0.000947867
0.000560459
-0.00147228
-0.000676064
-0.00500207
-0.000676064
-0.00147228
0.000560459
-0.000947867
0.000747715
-0.00113204
0.000555825
-0.00107709
0.000683782
-0.000951585
0.000790945
-0.00102461
0.000893364
-0.00107934
0.00117853
-0.00122211
0.00108654
-0.000961381
0.000949886
-0.00069125
0.000702809
-0.000403673
0.000755929
-0.000221841
0.000827308
-0.000584398
0.000624333
-0.00085035
0.000666785
-0.00147228
6.60613e-05
-0.00147228
0.000666785
-0.00085035
0.000624333
-0.000584398
0.000827308
-0.000221841
0.000755929
-0.000403673
0.000702809
-0.00069125
0.000949886
-0.000961381
0.00108654
-0.00122211
0.00110112
-0.0009322
0.000877623
-0.000874169
0.000789435
-0.00093516
0.000785744
-0.00129391
0.000645193
-0.00133682
0.00080267
-0.000842499
0.000690761
-0.00085035
0.000560459
-0.000979437
0.000560459
-0.00085035
0.000690761
-0.000842499
0.00080267
-0.00133682
0.000645193
-0.00129391
0.000785744
-0.00093516
0.000789435
-0.000874169
0.000877623
-0.0009322
0.00110112
-0.00105822
0.000894847
-0.00100317
0.00082699
-0.000779254
0.000633378
-0.00045602
0.000791744
-0.000148814
0.00089838
-0.000568196
0.000547538
-0.000842499
0.000624333
-0.000947867
0.000658645
-0.000947867
0.000624333
-0.000842499
0.000547538
-0.000568196
0.00089838
-0.000148814
0.000791744
-0.00045602
0.000633378
-0.000779254
0.00082699
-0.00100317
0.000894847
-0.00105822
0.00107628
-0.000803576
0.000898174
-0.000574021
0.000676919
-0.000539219
0.000628107
-0.00103708
0.000423606
-0.00118046
0.000705791
-0.000568196
0.00080267
-0.000584398
0.000747715
-0.00070933
0.000747715
-0.000584398
0.00080267
-0.000568196
0.000705791
-0.00118046
0.000423606
-0.00103708
0.000628107
-0.000539219
0.000676919
-0.000574021
0.000898174
-0.000803576
0.00107628
-0.000955527
0.000856638
-0.00127138
0.00100458
-0.0013392
0.00103057
-0.0011984
0.00141603
-0.000808928
0.00152689
-0.00118046
0.00089838
-0.00133682
0.000827308
-0.00113204
0.000886491
-0.00113204
0.000827308
-0.00133682
0.00089838
-0.00118046
0.00152689
-0.000808928
0.00141603
-0.0011984
0.00103057
-0.0013392
0.00100458
-0.00127138
0.000856638
-0.000955527
0.00102376
-0.000635049
0.000761353
-0.000171893
0.000398897
-4.29493e-06
0.000285774
-0.000590081
4.36351e-05
-0.000808928
0.000423606
-0.000148814
0.000645193
-0.000221841
0.000555825
-0.000413556
0.000555825
-0.000221841
0.000645193
-0.000148814
0.000423606
-0.000808928
4.36351e-05
-0.000590081
0.000285774
-4.29493e-06
0.000398897
-0.000171893
0.000761353
-0.000635049
0.00102376
-0.00097809
0.000840845
-0.00127859
0.000953192
-0.00130386
0.000911123
-0.0010414
0.00129386
-0.000590081
0.00141603
-0.00103708
0.000791744
-0.00129391
0.000755929
-0.00107709
0.0008298
-0.00107709
0.000755929
-0.00129391
0.000791744
-0.00103708
0.00141603
-0.000590081
0.00129386
-0.0010414
0.000911123
-0.00130386
0.000953192
-0.00127859
0.000840845
-0.00097809
0.00108084
-0.000713301
0.000808041
-0.000397989
0.000570176
-0.000388295
0.000493134
-0.0010414
0.000285774
-0.0011984
0.000628107
-0.00045602
0.000785744
-0.000403673
0.000683782
-0.000513768
0.000683782
-0.000403673
0.000785744
-0.00045602
0.000628107
-0.0011984
0.000285774
-0.0010414
0.000493134
-0.000388295
0.000570176
-0.000397989
0.000808041
-0.000713301
0.00108084
-0.00108161
0.000870186
-0.00103456
0.000824802
-0.000829658
0.000653723
-0.000388295
0.000911123
-4.29493e-06
0.00103057
-0.000539219
0.000633378
-0.00093516
0.000702809
-0.000951585
0.000780065
-0.000951585
0.000702809
-0.00093516
0.000633378
-0.000539219
0.00103057
-4.29493e-06
0.000911123
-0.000388295
0.000653723
-0.000829658
0.000824802
-0.00103456
0.000870186
-0.00108161
0.00117316
-0.000902064
0.000855609
-0.000781341
0.000689714
-0.000829658
0.000570176
-0.00130386
0.000398897
-0.0013392
0.000676919
-0.000779254
0.000789435
-0.00069125
0.000790945
-0.000710682
0.000790945
-0.00069125
0.000789435
-0.000779254
0.000676919
-0.0013392
0.000398897
-0.00130386
0.000570176
-0.000829658
0.000689714
-0.000781341
0.000855609
-0.000902064
0.00117316
-0.00124819
0.00108522
-0.00102045
0.00101584
-0.000781341
0.000824802
-0.000397989
0.000953192
-0.000171893
0.00100458
-0.000574021
0.00082699
-0.000874169
0.000949886
-0.00102461
0.000997229
-0.00102461
0.000949886
-0.000874169
0.00082699
-0.000574021
0.00100458
-0.000171893
0.000953192
-0.000397989
0.000824802
-0.000781341
0.00101584
-0.00102045
0.00108522
-0.00124819
0.00121988
-0.00108938
0.000942061
-0.00102045
0.000855609
-0.00103456
0.000808041
-0.00127859
0.000761353
-0.00127138
0.000898174
-0.00100317
0.000877623
-0.000961381
0.000893364
-0.000915463
0.000893364
-0.000961381
0.000877623
-0.00100317
0.000898174
-0.00127138
0.000761353
-0.00127859
0.000808041
-0.00103456
0.000855609
-0.00102045
0.000942061
-0.00108938
0.00121988
-0.00127098
0.00119833
-0.00108938
0.00108522
-0.000902064
0.000870186
-0.000713301
0.000840845
-0.000635049
0.000856638
-0.000803576
0.000894847
-0.0009322
0.00108654
-0.00107934
0.0011235
-0.00107934
0.00108654
-0.0009322
0.000894847
-0.000803576
0.000856638
-0.000635049
0.000840845
-0.000713301
0.000870186
-0.000902064
0.00108522
-0.00108938
0.00119833
-0.00127098
0.00109024
-0.00127098
0.00121988
-0.00124819
0.00117316
-0.00108161
0.00108084
-0.00097809
0.00102376
-0.000955527
0.00107628
-0.00105822
0.00110112
-0.00122211
0.00117853
-0.00124351
0.00117853
-0.00122211
0.00110112
-0.00105822
0.00107628
-0.000955527
0.00102376
-0.00097809
0.00108084
-0.00108161
0.00117316
-0.00124819
0.00121988
-0.00127098
0.00109024
