0.000846596
-0.00104973
0.00128225
-0.00153604
0.00155311
-0.00159952
0.00152895
-0.00148854
0.00156154
-0.00142595
0.0011605
-0.00132509
0.00122899
-0.00112918
0.00144728
-0.000900648
0.00144728
-0.00112918
0.00122899
-0.00132509
0.0011605
-0.00142595
0.00156154
-0.00148854
0.00152895
-0.00159952
0.00155311
-0.00153604
0.00128225
-0.00104973
0.000846596
-0.00104973
0.00108328
-0.0012955
0.00144569
-0.00116808
0.00159371
-0.00106597
0.00143958
-0.0013562
0.0012383
-0.00107975
0.00121945
-0.00111705
0.00104553
-0.00109577
0.000901256
-0.00109577
0.00104553
-0.00111705
0.00121945
-0.00107975
0.0012383
-0.0013562
0.00143958
-0.00106597
0.00159371
-0.00116808
0.00144569
-0.0012955
0.00108328
-0.00104973
0.00128225
-0.0012955
0.00120603
-0.00148314
0.00125461
-0.00162329
0.00113571
-0.00164689
0.00144877
-0.00137654
0.00124684
-0.0014017
0.00131566
-0.00145214
0.0011424
-0.00161923
0.0011424
-0.00145214
0.00131566
-0.0014017
0.00124684
-0.00137654
0.00144877
-0.00164689
0.00113571
-0.00162329
0.00125461
-0.00148314
0.00120603
-0.0012955
0.00128225
-0.00153604
0.00144569
-0.00148314
0.00151624
-0.00117622
0.00156229
-0.00100503
0.00142718
-0.00121035
0.000986634
-0.000972178
0.00108722
-0.000899971
0.00091498
-0.000563724
0.00113043
-0.000563724
0.00091498
-0.000899971
0.00108722
-0.000972178
0.000986634
-0.00121035
0.00142718
-0.00100503
0.00156229
-0.00117622
0.00151624
-0.00148314
0.00144569
-0.00153604
0.00155311
-0.00116808
0.00125461
-0.00117622
0.000618564
-0.00123714
0.000591105
-0.000955392
0.000833059
-0.00067801
0.000607307
-0.000978313
0.000665938
-0.000716266
0.000475142
-0.000980878
0.000475142
-0.000716266
0.000665938
-0.000978313
0.000607307
-0.00067801
0.000833059
-0.000955392
0.000591105
-0.00123714
0.000618564
-0.00117622
0.00125461
-0.00116808
0.00155311
-0.00159952
0.00159371
-0.00162329
0.00156229
-0.00123714
0.00168636
-0.00104114
0.00152438
-0.00133033
0.00100486
-0.00103958
0.0011626
-0.000915816
0.000938466
-0.000447941
0.00136559
-0.000447941
0.000938466
-0.000915816
0.0011626
-0.00103958
0.00100486
-0.00133033
0.00152438
-0.00104114
0.00168636
-0.00123714
0.00156229
-0.00162329
0.00159371
-0.00159952
0.00152895
-0.00106597
0.00113571
-0.00100503
0.000591105
-0.00104114
0.000624884
-0.000762565
0.000881354
-0.000669548
0.000555595
-0.00106815
0.000787889
-0.000807693
0.000628286
-0.00119128
0.000628286
-0.000807693
0.000787889
-0.00106815
0.000555595
-0.000669548
0.000881354
-0.000762565
0.000624884
-0.00104114
0.000591105
-0.00100503
0.00113571
-0.00106597
0.00152895
-0.00148854
0.00143958
-0.00164689
0.00142718
-0.000955392
0.00152438
-0.000762565
0.00134308
-0.00119864
0.000852786
-0.000980465
0.00113605
-0.000909911
0.000816677
-0.000416419
0.00119259
-0.000416419
0.000816677
-0.000909911
0.00113605
-0.000980465
0.000852786
-0.00119864
0.00134308
-0.000762565
0.00152438
-0.000955392
0.00142718
-0.00164689
0.00143958
-0.00148854
0.00156154
-0.0013562
0.00144877
-0.00121035
0.000833059
-0.00133033
0.000881354
-0.00119864
0.00117393
-0.000921851
0.000928555
-0.00119644
0.000978123
-0.000978166
0.000688088
-0.00139553
0.000688088
-0.000978166
0.000978123
-0.00119644
0.000928555
-0.000921851
0.00117393
-0.00119864
0.000881354
-0.00133033
0.000833059
-0.00121035
0.00144877
-0.0013562
0.00156154
-0.00142595
0.0012383
-0.00137654
0.000986634
-0.00067801
0.00100486
-0.000669548
0.000852786
-0.000921851
0.000616723
-0.000733677
0.000851034
-0.000750114
0.000603829
-0.000485343
0.000973155
-0.000485343
0.000603829
-0.000750114
0.000851034
-0.000733677
0.000616723
-0.000921851
0.000852786
-0.000669548
0.00100486
-0.00067801
0.000986634
-0.00137654
0.0012383
-0.00142595
0.0011605
-0.00107975
0.00124684
-0.000972178
0.000607307
-0.00103958
0.000555595
-0.000980465
0.000928555
-0.000733677
0.000797116
-0.00095139
0.000800051
-0.000868662
0.000540963
-0.0012624
0.000540963
-0.000868662
0.000800051
-0.00095139
0.000797116
-0.000733677
0.000928555
-0.000980465
0.000555595
-0.00103958
0.000607307
-0.000972178
0.00124684
-0.00107975
0.0011605
-0.00132509
0.00121945
-0.0014017
0.00108722
-0.000978313
0.0011626
-0.00106815
0.00113605
-0.00119644
0.000851034
-0.00095139
0.000967344
-0.000987349
0.000805886
-0.000772826
0.00111998
-0.000772826
0.000805886
-0.000987349
0.000967344
-0.00095139
0.000851034
-0.00119644
0.00113605
-0.00106815
0.0011626
-0.000978313
0.00108722
-0.0014017
0.00121945
-0.00132509
0.00122899
-0.00111705
0.00131566
-0.000899971
0.000665938
-0.000915816
0.000787889
-0.000909911
0.000978123
-0.000750114
0.000800051
-0.000987349
0.000819601
-0.00096803
0.00046201
-0.00142686
0.00046201
-0.00096803
0.000819601
-0.000987349
0.000800051
-0.000750114
0.000978123
-0.000909911
0.000787889
-0.000915816
0.000665938
-0.000899971
0.00131566
-0.00111705
0.00122899
-0.00112918
0.00104553
-0.00145214
0.00091498
-0.000716266
0.000938466
-0.000807693
0.000816677
-0.000978166
0.000603829
-0.000868662
0.000805886
-0.00096803
0.000568816
-0.00111799
0.000248172
-0.00111799
0.000568816
-0.00096803
0.000805886
-0.000868662
0.000603829
-0.000978166
0.000816677
-0.000807693
0.000938466
-0.000716266
0.00091498
-0.00145214
0.00104553
-0.00112918
0.00144728
-0.00109577
0.0011424
-0.000563724
0.000475142
-0.000447941
0.000628286
-0.000416419
0.000688088
-0.000485343
0.000540963
-0.000772826
0.00046201
-0.00111799
-0.00115729
-0.0049874
-0.00115729
-0.00111799
0.00046201
-0.000772826
0.000540963
-0.000485343
0.000688088
-0.000416419
0.000628286
-0.000447941
0.000475142
-0.000563724
0.0011424
-0.00109577
0.00144728
-0.000900648
0.000901256
-0.00161923
0.00113043
-0.000980878
0.00136559
-0.00119128
0.00119259
-0.00139553
0.000973155
-0.0012624
0.00111998
-0.00142686
0.000248172
-0.0049874
-0.0204846
-0.0049874
0.000248172
-0.00142686
0.00111998
-0.0012624
0.000973155
-0.00139553
0.00119259
-0.00119128
0.00136559
-0.000980878
0.00113043
-0.00161923
0.000901256
-0.000900648
0.00144728
-0.00109577
0.0011424
-0.000563724
0.000475142
-0.000447941
0.000628286
-0.000416419
0.000688088
-0.000485343
0.000540963
-0.000772826
0.00046201
-0.00111799
-0.00115729
-0.0049874
-0.00115729
-0.00111799
0.00046201
-0.000772826
0.000540963
-0.000485343
0.000688088
-0.000416419
0.000628286
-0.000447941
0.000475142
-0.000563724
0.0011424
-0.00109577
0.00144728
-0.00112918
0.00104553
-0.00145214
0.00091498
-0.000716266
0.000938466
-0.000807693
0.000816677
-0.000978166
0.000603829
-0.000868662
0.000805886
-0.00096803
0.000568816
-0.00111799
0.000248172
-0.00111799
0.000568816
-0.00096803
0.000805886
-0.000868662
0.000603829
-0.000978166
0.000816677
-0.000807693
0.000938466
-0.000716266
0.00091498
-0.00145214
0.00104553
-0.00112918
0.00122899
-0.00111705
0.00131566
-0.000899971
0.000665938
-0.000915816
0.000787889
-0.000909911
0.000978123
-0.000750114
0.000800051
-0.000987349
0.000819601
-0.00096803
0.00046201
-0.00142686
0.00046201
-0.00096803
0.000819601
-0.000987349
0.000800051
-0.000750114
0.000978123
-0.000909911
0.000787889
-0.000915816
0.000665938
-0.000899971
0.00131566
-0.00111705
0.00122899
-0.00132509
0.00121945
-0.0014017
0.00108722
-0.000978313
0.0011626
-0.00106815
0.00113605
-0.00119644
0.000851034
-0.00095139
0.000967344
-0.000987349
0.000805886
-0.000772826
0.00111998
-0.000772826
0.000805886
-0.000987349
0.000967344
-0.00095139
0.000851034
-0.00119644
0.00113605
-0.00106815
0.0011626
-0.000978313
0.00108722
-0.0014017
0.00121945
-0.00132509
0.0011605
-0.00107975
0.00124684
-0.000972178
0.000607307
-0.00103958
0.000555595
-0.000980465
0.000928555
-0.000733677
0.000797116
-0.00095139
0.000800051
-0.000868662
0.000540963
-0.0012624
0.000540963
-0.000868662
0.000800051
-0.00095139
0.000797116
-0.000733677
0.000928555
-0.000980465
0.000555595
-0.00103958
0.000607307
-0.000972178
0.00124684
-0.00107975
0.0011605
-0.00142595
0.0012383
-0.00137654
0.000986634
-0.00067801
0.00100486
-0.000669548
0.000852786
-0.000921851
0.000616723
-0.000733677
0.000851034
-0.000750114
0.000603829
-0.000485343
0.000973155
-0.000485343
0.000603829
-0.000750114
0.000851034
-0.000733677
0.000616723
-0.000921851
0.000852786
-0.000669548
0.00100486
-0.00067801
0.000986634
-0.00137654
0.0012383
-0.00142595
0.00156154
-0.0013562
0.00144877
-0.00121035
0.000833059
-0.00133033
0.000881354
-0.00119864
0.00117393
-0.000921851
0.000928555
-0.00119644
0.000978123
-0.000978166
0.000688088
-0.00139553
0.000688088
-0.000978166
0.000978123
-0.00119644
0.000928555
-0.000921851
0.00117393
-0.00119864
0.000881354
-0.00133033
0.000833059
-0.00121035
0.00144877
-0.0013562
0.00156154
-0.00148854
0.00143958
-0.00164689
0.00142718
-0.000955392
0.00152438
-0.000762565
0.00134308
-0.00119864
0.000852786
-0.000980465
0.00113605
-0.000909911
0.000816677
-0.000416419
0.00119259
-0.000416419
0.000816677
-0.000909911
0.00113605
-0.000980465
0.000852786
-0.00119864
0.00134308
-0.000762565
0.00152438
-0.000955392
0.00142718
-0.00164689
0.00143958
-0.00148854
0.00152895
-0.00106597
0.00113571
-0.00100503
0.000591105
-0.00104114
0.000624884
-0.000762565
0.000881354
-0.000669548
0.000555595
-0.00106815
0.000787889
-0.000807693
0.000628286
-0.00119128
0.000628286
-0.000807693
0.000787889
-0.00106815
0.000555595
-0.000669548
0.000881354
-0.000762565
0.000624884
-0.00104114
0.000591105
-0.00100503
0.00113571
-0.00106597
0.00152895
-0.00159952
0.00159371
-0.00162329
0.00156229
-0.00123714
0.00168636
-0.00104114
0.00152438
-0.00133033
0.00100486
-0.00103958
0.0011626
-0.000915816
0.000938466
-0.000447941
0.00136559
-0.000447941
0.000938466
-0.000915816
0.0011626
-0.00103958
0.00100486
-0.00133033
0.00152438
-0.00104114
0.00168636
-0.00123714
0.00156229
-0.00162329
0.00159371
-0.00159952
0.00155311
-0.00116808
0.00125461
-0.00117622
0.000618564
-0.00123714
0.000591105
-0.000955392
0.000833059
-0.00067801
0.000607307
-0.000978313
0.000665938
-0.000716266
0.000475142
-0.000980878
0.000475142
-0.000716266
0.000665938
-0.000978313
0.000607307
-0.00067801
0.000833059
-0.000955392
0.000591105
-0.00123714
0.000618564
-0.00117622
0.00125461
-0.00116808
0.00155311
-0.00153604
0.00144569
-0.00148314
0.00151624
-0.00117622
0.00156229
-0.00100503
0.00142718
-0.00121035
0.000986634
-0.000972178
0.00108722
-0.000899971
0.00091498
-0.000563724
0.00113043
-0.000563724
0.00091498
-0.000899971
0.00108722
-0.000972178
0.000986634
-0.00121035
0.00142718
-0.00100503
0.00156229
-0.00117622
0.00151624
-0.00148314
0.00144569
-0.00153604
0.00128225
-0.0012955
0.00120603
-0.00148314
0.00125461
-0.00162329
0.00113571
-0.00164689
0.00144877
-0.00137654
0.00124684
-0.0014017
0.00131566
-0.00145214
0.0011424
-0.00161923
0.0011424
-0.00145214
0.00131566
-0.0014017
0.00124684
-0.00137654
0.00144877
-0.00164689
0.00113571
-0.00162329
0.00125461
-0.00148314
0.00120603
-0.0012955
0.00128225
-0.00104973
0.00108328
-0.0012955
0.00144569
-0.00116808
0.00159371
-0.00106597
0.00143958
-0.0013562
0.0012383
-0.00107975
0.00121945
-0.00111705
0.00104553
-0.00109577
0.000901256
-0.00109577
0.00104553
-0.00111705
0.00121945
-0.00107975
0.0012383
-0.0013562
0.00143958
-0.00106597
0.00159371
-0.00116808
0.00144569
-0.0012955
0.00108328
-0.00104973
0.000846596
-0.00104973
0.00128225
-0.00153604
0.00155311
-0.00159952
0.00152895
-0.00148854
0.00156154
-0.00142595
0.0011605
-0.00132509
0.00122899
-0.00112918
0.00144728
-0.000900648
0.00144728
-0.00112918
0.00122899
-0.00132509
0.0011605
-0.00142595
0.00156154
-0.00148854
0.00152895
-0.00159952
0.00155311
-0.00153604
0.00128225
-0.00104973
0.000846596
