0.00437218
-0.000603751
-0.00291231
-0.00260634
0.00354601
-0.00110762
0.00248581
0.000433432
-0.000649856
0.000655342
-0.00179444
0.000265369
-0.00168087
-6.29171e-05
-0.00141634
-0.000171691
-0.00141634
-6.29171e-05
-0.00168087
0.000265369
-0.00179444
0.000655342
-0.000649856
0.000433432
0.00248581
-0.00110762
0.00354601
-0.00260634
-0.00291231
-0.000603751
0.00437218
-0.000603751
-0.00386718
-0.00126428
0.00571949
-0.00207583
0.00129466
-0.000580075
-0.00168584
6.95407e-05
-0.0013034
9.03341e-05
-0.000279731
-8.78943e-06
0.000320086
-5.8731e-05
0.000491666
-5.8731e-05
0.000320086
-8.78943e-06
-0.000279731
9.03341e-05
-0.0013034
6.95407e-05
-0.00168584
-0.000580075
0.00129466
-0.00207583
0.00571949
-0.00126428
-0.00386718
-0.000603751
-0.00291231
-0.00126428
0.00823567
-0.00134375
-0.0043289
0.000747432
-0.00199483
-0.00119224
0.00375413
-0.00222421
0.00482841
-0.00171841
0.00363531
-0.00102456
0.00264709
-0.000757705
0.00264709
-0.00102456
0.00363531
-0.00171841
0.00482841
-0.00222421
0.00375413
-0.00119224
-0.00199483
0.000747432
-0.0043289
-0.00134375
0.00823567
-0.00126428
-0.00291231
-0.00260634
0.00571949
-0.00134375
-0.00462611
-0.00144571
0.00433205
-0.0013749
0.0043185
-0.000292797
-0.000276658
0.000897832
-0.00318552
0.00138552
-0.00402002
0.00143392
-0.00410852
0.00143392
-0.00402002
0.00138552
-0.00318552
0.000897832
-0.000276658
-0.000292797
0.0043185
-0.0013749
0.00433205
-0.00144571
-0.00462611
-0.00134375
0.00571949
-0.00260634
0.00354601
-0.00207583
-0.0043289
-0.00144571
0.010379
-0.00454799
0.00137309
0.000567523
-0.00616666
0.00297537
-0.00565134
0.00253642
-0.00293281
0.00157127
-0.0012401
0.00117409
-0.0012401
0.00157127
-0.00293281
0.00253642
-0.00565134
0.00297537
-0.00616666
0.000567523
0.00137309
-0.00454799
0.010379
-0.00144571
-0.0043289
-0.00207583
0.00354601
-0.00110762
0.00129466
0.000747432
0.00433205
-0.00454799
-0.000560037
-0.00160519
-0.000754799
0.0005579
0.002354
-0.000178412
0.00378283
-0.000922431
0.00371744
-0.00117463
0.00353092
-0.00117463
0.00371744
-0.000922431
0.00378283
-0.000178412
0.002354
0.0005579
-0.000754799
-0.00160519
-0.000560037
-0.00454799
0.00433205
0.000747432
0.00129466
-0.00110762
0.00248581
-0.000580075
-0.00199483
-0.0013749
0.00137309
-0.00160519
0.0047745
-0.00171652
0.0028385
-0.00221697
0.000891834
-0.00235767
-0.000183396
-0.00207646
-0.000603615
-0.00191829
-0.000603615
-0.00207646
-0.000183396
-0.00235767
0.000891834
-0.00221697
0.0028385
-0.00171652
0.0047745
-0.00160519
0.00137309
-0.0013749
-0.00199483
-0.000580075
0.00248581
0.000433432
-0.00168584
-0.00119224
0.0043185
0.000567523
-0.000754799
-0.00171652
-0.00124286
-0.0023855
0.00159058
-0.00287731
0.00398253
-0.00293174
0.00481982
-0.00278433
0.00495026
-0.00278433
0.00481982
-0.00293174
0.00398253
-0.00287731
0.00159058
-0.0023855
-0.00124286
-0.00171652
-0.000754799
0.000567523
0.0043185
-0.00119224
-0.00168584
0.000433432
-0.000649856
6.95407e-05
0.00375413
-0.000292797
-0.00616666
0.0005579
0.0028385
-0.0023855
0.00625964
-0.00292922
0.00460394
-0.00263186
0.002361
-0.00213793
0.00112356
-0.00192639
0.00112356
-0.00213793
0.002361
-0.00263186
0.00460394
-0.00292922
0.00625964
-0.0023855
0.0028385
0.0005579
-0.00616666
-0.000292797
0.00375413
6.95407e-05
-0.000649856
0.000655342
-0.0013034
-0.00222421
-0.000276658
0.00297537
0.002354
-0.00221697
0.00159058
-0.00292922
-0.000861466
-0.0014832
-0.00113398
-0.000605699
-0.000658758
-0.000259288
-0.000432038
-0.000259288
-0.000658758
-0.000605699
-0.00113398
-0.0014832
-0.000861466
-0.00292922
0.00159058
-0.00221697
0.002354
0.00297537
-0.000276658
-0.00222421
-0.0013034
0.000655342
-0.00179444
9.03341e-05
0.00482841
0.000897832
-0.00565134
-0.000178412
0.000891834
-0.00287731
0.00460394
-0.0014832
0.00368547
-0.000300854
0.00212671
0.000186169
0.00119109
0.000309694
0.00119109
0.000186169
0.00212671
-0.000300854
0.00368547
-0.0014832
0.00460394
-0.00287731
0.000891834
-0.000178412
-0.00565134
0.000897832
0.00482841
9.03341e-05
-0.00179444
0.000265369
-0.000279731
-0.00171841
-0.00318552
0.00253642
0.00378283
-0.00235767
0.00398253
-0.00263186
-0.00113398
-0.000300854
-0.00347738
0.000851465
-0.00373434
0.00116894
-0.0036668
0.00116894
-0.00373434
0.000851465
-0.00347738
-0.000300854
-0.00113398
-0.00263186
0.00398253
-0.00235767
0.00378283
0.00253642
-0.00318552
-0.00171841
-0.000279731
0.000265369
-0.00168087
-8.78943e-06
0.00363531
0.00138552
-0.00293281
-0.000922431
-0.000183396
-0.00293174
0.002361
-0.000605699
0.00212671
0.000851465
0.00159228
0.00111864
0.00113065
0.00101208
0.00113065
0.00111864
0.00159228
0.000851465
0.00212671
-0.000605699
0.002361
-0.00293174
-0.000183396
-0.000922431
-0.00293281
0.00138552
0.00363531
-8.78943e-06
-0.00168087
-6.29171e-05
0.000320086
-0.00102456
-0.00402002
0.00157127
0.00371744
-0.00207646
0.00481982
-0.00213793
-0.000658758
0.000186169
-0.00373434
0.00111864
-0.00449735
0.000951433
-0.00515203
0.000951433
-0.00449735
0.00111864
-0.00373434
0.000186169
-0.000658758
-0.00213793
0.00481982
-0.00207646
0.00371744
0.00157127
-0.00402002
-0.00102456
0.000320086
-6.29171e-05
-0.00141634
-5.8731e-05
0.00264709
0.00143392
-0.0012401
-0.00117463
-0.000603615
-0.00278433
0.00112356
-0.000259288
0.00119109
0.00116894
0.00113065
0.000951433
-0.000197549
-0.00261859
-0.000197549
0.000951433
0.00113065
0.00116894
0.00119109
-0.000259288
0.00112356
-0.00278433
-0.000603615
-0.00117463
-0.0012401
0.00143392
0.00264709
-5.8731e-05
-0.00141634
-0.000171691
0.000491666
-0.000757705
-0.00410852
0.00117409
0.00353092
-0.00191829
0.00495026
-0.00192639
-0.000432038
0.000309694
-0.0036668
0.00101208
-0.00515203
-0.00261859
-0.0262448
-0.00261859
-0.00515203
0.00101208
-0.0036668
0.000309694
-0.000432038
-0.00192639
0.00495026
-0.00191829
0.00353092
0.00117409
-0.00410852
-0.000757705
0.000491666
-0.000171691
-0.00141634
-5.8731e-05
0.00264709
0.00143392
-0.0012401
-0.00117463
-0.000603615
-0.00278433
0.00112356
-0.000259288
0.00119109
0.00116894
0.00113065
0.000951433
-0.000197549
-0.00261859
-0.000197549
0.000951433
0.00113065
0.00116894
0.00119109
-0.000259288
0.00112356
-0.00278433
-0.000603615
-0.00117463
-0.0012401
0.00143392
0.00264709
-5.8731e-05
-0.00141634
-6.29171e-05
0.000320086
-0.00102456
-0.00402002
0.00157127
0.00371744
-0.00207646
0.00481982
-0.00213793
-0.000658758
0.000186169
-0.00373434
0.00111864
-0.00449735
0.000951433
-0.00515203
0.000951433
-0.00449735
0.00111864
-0.00373434
0.000186169
-0.000658758
-0.00213793
0.00481982
-0.00207646
0.00371744
0.00157127
-0.00402002
-0.00102456
0.000320086
-6.29171e-05
-0.00168087
-8.78943e-06
0.00363531
0.00138552
-0.00293281
-0.000922431
-0.000183396
-0.00293174
0.002361
-0.000605699
0.00212671
0.000851465
0.00159228
0.00111864
0.00113065
0.00101208
0.00113065
0.00111864
0.00159228
0.000851465
0.00212671
-0.000605699
0.002361
-0.00293174
-0.000183396
-0.000922431
-0.00293281
0.00138552
0.00363531
-8.78943e-06
-0.00168087
0.000265369
-0.000279731
-0.00171841
-0.00318552
0.00253642
0.00378283
-0.00235767
0.00398253
-0.00263186
-0.00113398
-0.000300854
-0.00347738
0.000851465
-0.00373434
0.00116894
-0.0036668
0.00116894
-0.00373434
0.000851465
-0.00347738
-0.000300854
-0.00113398
-0.00263186
0.00398253
-0.00235767
0.00378283
0.00253642
-0.00318552
-0.00171841
-0.000279731
0.000265369
-0.00179444
9.03341e-05
0.00482841
0.000897832
-0.00565134
-0.000178412
0.000891834
-0.00287731
0.00460394
-0.0014832
0.00368547
-0.000300854
0.00212671
0.000186169
0.00119109
0.000309694
0.00119109
0.000186169
0.00212671
-0.000300854
0.00368547
-0.0014832
0.00460394
-0.00287731
0.000891834
-0.000178412
-0.00565134
0.000897832
0.00482841
9.03341e-05
-0.00179444
0.000655342
-0.0013034
-0.00222421
-0.000276658
0.00297537
0.002354
-0.00221697
0.00159058
-0.00292922
-0.000861466
-0.0014832
-0.00113398
-0.000605699
-0.000658758
-0.000259288
-0.000432038
-0.000259288
-0.000658758
-0.000605699
-0.00113398
-0.0014832
-0.000861466
-0.00292922
0.00159058
-0.00221697
0.002354
0.00297537
-0.000276658
-0.00222421
-0.0013034
0.000655342
-0.000649856
6.95407e-05
0.00375413
-0.000292797
-0.00616666
0.0005579
0.0028385
-0.0023855
0.00625964
-0.00292922
0.00460394
-0.00263186
0.002361
-0.00213793
0.00112356
-0.00192639
0.00112356
-0.00213793
0.002361
-0.00263186
0.00460394
-0.00292922
0.00625964
-0.0023855
0.0028385
0.0005579
-0.00616666
-0.000292797
0.00375413
6.95407e-05
-0.000649856
0.000433432
-0.00168584
-0.00119224
0.0043185
0.000567523
-0.000754799
-0.00171652
-0.00124286
-0.0023855
0.00159058
-0.00287731
0.00398253
-0.00293174
0.00481982
-0.00278433
0.00495026
-0.00278433
0.00481982
-0.00293174
0.00398253
-0.00287731
0.00159058
-0.0023855
-0.00124286
-0.00171652
-0.000754799
0.000567523
0.0043185
-0.00119224
-0.00168584
0.000433432
0.00248581
-0.000580075
-0.00199483
-0.0013749
0.00137309
-0.00160519
0.0047745
-0.00171652
0.0028385
-0.00221697
0.000891834
-0.00235767
-0.000183396
-0.00207646
-0.000603615
-0.00191829
-0.000603615
-0.00207646
-0.000183396
-0.00235767
0.000891834
-0.00221697
0.0028385
-0.00171652
0.0047745
-0.00160519
0.00137309
-0.0013749
-0.00199483
-0.000580075
0.00248581
-0.00110762
0.00129466
0.000747432
0.00433205
-0.00454799
-0.000560037
-0.00160519
-0.000754799
0.0005579
0.002354
-0.000178412
0.00378283
-0.000922431
0.00371744
-0.00117463
0.00353092
-0.00117463
0.00371744
-0.000922431
0.00378283
-0.000178412
0.002354
0.0005579
-0.000754799
-0.00160519
-0.000560037
-0.00454799
0.00433205
0.000747432
0.00129466
-0.00110762
0.00354601
-0.00207583
-0.0043289
-0.00144571
0.010379
-0.00454799
0.00137309
0.000567523
-0.00616666
0.00297537
-0.00565134
0.00253642
-0.00293281
0.00157127
-0.0012401
0.00117409
-0.0012401
0.00157127
-0.00293281
0.00253642
-0.00565134
0.00297537
-0.00616666
0.000567523
0.00137309
-0.00454799
0.010379
-0.00144571
-0.0043289
-0.00207583
0.00354601
-0.00260634
0.00571949
-0.00134375
-0.00462611
-0.00144571
0.00433205
-0.0013749
0.0043185
-0.000292797
-0.000276658
0.000897832
-0.00318552
0.00138552
-0.00402002
0.00143392
-0.00410852
0.00143392
-0.00402002
0.00138552
-0.00318552
0.000897832
-0.000276658
-0.000292797
0.0043185
-0.0013749
0.00433205
-0.00144571
-0.00462611
-0.00134375
0.00571949
-0.00260634
-0.00291231
-0.00126428
0.00823567
-0.00134375
-0.0043289
0.000747432
-0.00199483
-0.00119224
0.00375413
-0.00222421
0.00482841
-0.00171841
0.00363531
-0.00102456
0.00264709
-0.000757705
0.00264709
-0.00102456
0.00363531
-0.00171841
0.00482841
-0.00222421
0.00375413
-0.00119224
-0.00199483
0.000747432
-0.0043289
-0.00134375
0.00823567
-0.00126428
-0.00291231
-0.000603751
-0.00386718
-0.00126428
0.00571949
-0.00207583
0.00129466
-0.000580075
-0.00168584
6.95407e-05
-0.0013034
9.03341e-05
-0.000279731
-8.78943e-06
0.000320086
-5.8731e-05
0.000491666
-5.8731e-05
0.000320086
-8.78943e-06
-0.000279731
9.03341e-05
-0.0013034
6.95407e-05
-0.00168584
-0.000580075
0.00129466
-0.00207583
0.00571949
-0.00126428
-0.00386718
-0.000603751
0.00437218
-0.000603751
-0.00291231
-0.00260634
0.00354601
-0.00110762
0.00248581
0.000433432
-0.000649856
0.000655342
-0.00179444
0.000265369
-0.00168087
-6.29171e-05
-0.00141634
-0.000171691
-0.00141634
-6.29171e-05
-0.00168087
0.000265369
-0.00179444
0.000655342
-0.000649856
0.000433432
0.00248581
-0.00110762
0.00354601
-0.00260634
-0.00291231
-0.000603751
0.00437218
