0.0011002
-0.00126078
0.0011764
-0.00125872
0.001079
-0.00130731
0.00100305
-0.00127867
0.0011186
-0.0011595
0.00121339
-0.00120189
0.00123471
-0.0012722
0.00125874
-0.00130234
0.00125874
-0.0012722
0.00123471
-0.00120189
0.00121339
-0.0011595
0.0011186
-0.00127867
0.00100305
-0.00130731
0.001079
-0.00125872
0.0011764
-0.00126078
0.0011002
-0.00126078
0.00118931
-0.00111438
0.00109419
-0.00106464
0.00103157
-0.00100958
0.00106896
-0.00106303
0.00104877
-0.00112601
0.00107029
-0.00118751
0.00102074
-0.00126438
0.00100401
-0.00126438
0.00102074
-0.00118751
0.00107029
-0.00112601
0.00104877
-0.00106303
0.00106896
-0.00100958
0.00103157
-0.00106464
0.00109419
-0.00111438
0.00118931
-0.00126078
0.0011764
-0.00111438
0.00111034
-0.00105216
0.00121785
-0.00094903
0.00120941
-0.00102491
0.00111321
-0.00100812
0.00103089
-0.000929189
0.00106235
-0.00074418
0.00119445
-0.000635856
0.00119445
-0.00074418
0.00106235
-0.000929189
0.00103089
-0.00100812
0.00111321
-0.00102491
0.00120941
-0.00094903
0.00121785
-0.00105216
0.00111034
-0.00111438
0.0011764
-0.00125872
0.00109419
-0.00105216
0.000846871
-0.00107834
0.000599781
-0.00104839
0.000739969
-0.00100731
0.000898582
-0.0010346
0.000938487
-0.00121568
0.000754592
-0.0014127
0.000691787
-0.0014127
0.000754592
-0.00121568
0.000938487
-0.0010346
0.000898582
-0.00100731
0.000739969
-0.00104839
0.000599781
-0.00107834
0.000846871
-0.00105216
0.00109419
-0.00125872
0.001079
-0.00106464
0.00121785
-0.00107834
0.00155408
-0.000955258
0.00161549
-0.00108989
0.00135906
-0.00109131
0.0011076
-0.000917197
0.00111374
-0.000564003
0.00129401
-0.000388905
0.00129401
-0.000564003
0.00111374
-0.000917197
0.0011076
-0.00109131
0.00135906
-0.00108989
0.00161549
-0.000955258
0.00155408
-0.00107834
0.00121785
-0.00106464
0.001079
-0.00130731
0.00103157
-0.00094903
0.000599781
-0.000955258
0.000195771
-0.000916431
0.000387495
-0.000816699
0.000669619
-0.000851092
0.00073308
-0.00109965
0.000479016
-0.0013789
0.000373018
-0.0013789
0.000479016
-0.00109965
0.00073308
-0.000851092
0.000669619
-0.000816699
0.000387495
-0.000916431
0.000195771
-0.000955258
0.000599781
-0.00094903
0.00103157
-0.00130731
0.00100305
-0.00100958
0.00120941
-0.00104839
0.00161549
-0.000916431
0.0016576
-0.00104946
0.00134781
-0.00100397
0.000998219
-0.000788183
0.00095239
-0.000378834
0.00112229
-0.000192152
0.00112229
-0.000378834
0.00095239
-0.000788183
0.000998219
-0.00100397
0.00134781
-0.00104946
0.0016576
-0.000916431
0.00161549
-0.00104839
0.00120941
-0.00100958
0.00100305
-0.00127867
0.00106896
-0.00102491
0.000739969
-0.00108989
0.000387495
-0.00104946
0.000607719
-0.000987366
0.000829492
-0.000988258
0.000908406
-0.0011951
0.000672673
-0.00146073
0.00057624
-0.00146073
0.000672673
-0.0011951
0.000908406
-0.000988258
0.000829492
-0.000987366
0.000607719
-0.00104946
0.000387495
-0.00108989
0.000739969
-0.00102491
0.00106896
-0.00127867
0.0011186
-0.00106303
0.00111321
-0.00100731
0.00135906
-0.000816699
0.00134781
-0.000987366
0.00117506
-0.000976784
0.000982482
-0.000900665
0.00099657
-0.000610033
0.00120642
-0.00047056
0.00120642
-0.000610033
0.00099657
-0.000900665
0.000982482
-0.000976784
0.00117506
-0.000987366
0.00134781
-0.000816699
0.00135906
-0.00100731
0.00111321
-0.00106303
0.0011186
-0.0011595
0.00104877
-0.00100812
0.000898582
-0.00109131
0.000669619
-0.00100397
0.000829492
-0.000976784
0.000830759
-0.000908584
0.000826452
-0.000949222
0.000579086
-0.00113039
0.000488259
-0.00113039
0.000579086
-0.000949222
0.000826452
-0.000908584
0.000830759
-0.000976784
0.000829492
-0.00100397
0.000669619
-0.00109131
0.000898582
-0.00100812
0.00104877
-0.0011595
0.00121339
-0.00112601
0.00103089
-0.0010346
0.0011076
-0.000851092
0.000998219
-0.000988258
0.000982482
-0.000908584
0.000934317
-0.00093566
0.00100166
-0.000787218
0.0012142
-0.000732553
0.0012142
-0.000787218
0.00100166
-0.00093566
0.000934317
-0.000908584
0.000982482
-0.000988258
0.000998219
-0.000851092
0.0011076
-0.0010346
0.00103089
-0.00112601
0.00121339
-0.00120189
0.00107029
-0.000929189
0.000938487
-0.000917197
0.00073308
-0.000788183
0.000908406
-0.000900665
0.000826452
-0.00093566
0.00082229
-0.000987271
0.000554661
-0.00118599
0.000435096
-0.00118599
0.000554661
-0.000987271
0.00082229
-0.00093566
0.000826452
-0.000900665
0.000908406
-0.000788183
0.00073308
-0.000917197
0.000938487
-0.000929189
0.00107029
-0.00120189
0.00123471
-0.00118751
0.00106235
-0.00121568
0.00111374
-0.00109965
0.00095239
-0.0011951
0.00099657
-0.000949222
0.00100166
-0.000987271
0.00107029
-0.000948497
0.00120964
-0.00109426
0.00120964
-0.000948497
0.00107029
-0.000987271
0.00100166
-0.000949222
0.00099657
-0.0011951
0.00095239
-0.00109965
0.00111374
-0.00121568
0.00106235
-0.00118751
0.00123471
-0.0012722
0.00102074
-0.00074418
0.000754592
-0.000564003
0.000479016
-0.000378834
0.000672673
-0.000610033
0.000579086
-0.000787218
0.000554661
-0.000948497
9.72327e-05
-0.00151683
-0.000672565
-0.00151683
9.72327e-05
-0.000948497
0.000554661
-0.000787218
0.000579086
-0.000610033
0.000672673
-0.000378834
0.000479016
-0.000564003
0.000754592
-0.00074418
0.00102074
-0.0012722
0.00125874
-0.00126438
0.00119445
-0.0014127
0.00129401
-0.0013789
0.00112229
-0.00146073
0.00120642
-0.00113039
0.0012142
-0.00118599
0.00120964
-0.00151683
0.000170694
-0.0050738
0.000170694
-0.00151683
0.00120964
-0.00118599
0.0012142
-0.00113039
0.00120642
-0.00146073
0.00112229
-0.0013789
0.00129401
-0.0014127
0.00119445
-0.00126438
0.00125874
-0.00130234
0.00100401
-0.000635856
0.000691787
-0.000388905
0.000373018
-0.000192152
0.00057624
-0.00047056
0.000488259
-0.000732553
0.000435096
-0.00109426
-0.000672565
-0.0050738
-0.0218219
-0.0050738
-0.000672565
-0.00109426
0.000435096
-0.000732553
0.000488259
-0.00047056
0.00057624
-0.000192152
0.000373018
-0.000388905
0.000691787
-0.000635856
0.00100401
-0.00130234
0.00125874
-0.00126438
0.00119445
-0.0014127
0.00129401
-0.0013789
0.00112229
-0.00146073
0.00120642
-0.00113039
0.0012142
-0.00118599
0.00120964
-0.00151683
0.000170694
-0.0050738
0.000170694
-0.00151683
0.00120964
-0.00118599
0.0012142
-0.00113039
0.00120642
-0.00146073
0.00112229
-0.0013789
0.00129401
-0.0014127
0.00119445
-0.00126438
0.00125874
-0.0012722
0.00102074
-0.00074418
0.000754592
-0.000564003
0.000479016
-0.000378834
0.000672673
-0.000610033
0.000579086
-0.000787218
0.000554661
-0.000948497
9.72327e-05
-0.00151683
-0.000672565
-0.00151683
9.72327e-05
-0.000948497
0.000554661
-0.000787218
0.000579086
-0.000610033
0.000672673
-0.000378834
0.000479016
-0.000564003
0.000754592
-0.00074418
0.00102074
-0.0012722
0.00123471
-0.00118751
0.00106235
-0.00121568
0.00111374
-0.00109965
0.00095239
-0.0011951
0.00099657
-0.000949222
0.00100166
-0.000987271
0.00107029
-0.000948497
0.00120964
-0.00109426
0.00120964
-0.000948497
0.00107029
-0.000987271
0.00100166
-0.000949222
0.00099657
-0.0011951
0.00095239
-0.00109965
0.00111374
-0.00121568
0.00106235
-0.00118751
0.00123471
-0.00120189
0.00107029
-0.000929189
0.000938487
-0.000917197
0.00073308
-0.000788183
0.000908406
-0.000900665
0.000826452
-0.00093566
0.00082229
-0.000987271
0.000554661
-0.00118599
0.000435096
-0.00118599
0.000554661
-0.000987271
0.00082229
-0.00093566
0.000826452
-0.000900665
0.000908406
-0.000788183
0.00073308
-0.000917197
0.000938487
-0.000929189
0.00107029
-0.00120189
0.00121339
-0.00112601
0.00103089
-0.0010346
0.0011076
-0.000851092
0.000998219
-0.000988258
0.000982482
-0.000908584
0.000934317
-0.00093566
0.00100166
-0.000787218
0.0012142
-0.000732553
0.0012142
-0.000787218
0.00100166
-0.00093566
0.000934317
-0.000908584
0.000982482
-0.000988258
0.000998219
-0.000851092
0.0011076
-0.0010346
0.00103089
-0.00112601
0.00121339
-0.0011595
0.00104877
-0.00100812
0.000898582
-0.00109131
0.000669619
-0.00100397
0.000829492
-0.000976784
0.000830759
-0.000908584
0.000826452
-0.000949222
0.000579086
-0.00113039
0.000488259
-0.00113039
0.000579086
-0.000949222
0.000826452
-0.000908584
0.000830759
-0.000976784
0.000829492
-0.00100397
0.000669619
-0.00109131
0.000898582
-0.00100812
0.00104877
-0.0011595
0.0011186
-0.00106303
0.00111321
-0.00100731
0.00135906
-0.000816699
0.00134781
-0.000987366
0.00117506
-0.000976784
0.000982482
-0.000900665
0.00099657
-0.000610033
0.00120642
-0.00047056
0.00120642
-0.000610033
0.00099657
-0.000900665
0.000982482
-0.000976784
0.00117506
-0.000987366
0.00134781
-0.000816699
0.00135906
-0.00100731
0.00111321
-0.00106303
0.0011186
-0.00127867
0.00106896
-0.00102491
0.000739969
-0.00108989
0.000387495
-0.00104946
0.000607719
-0.000987366
0.000829492
-0.000988258
0.000908406
-0.0011951
0.000672673
-0.00146073
0.00057624
-0.00146073
0.000672673
-0.0011951
0.000908406
-0.000988258
0.000829492
-0.000987366
0.000607719
-0.00104946
0.000387495
-0.00108989
0.000739969
-0.00102491
0.00106896
-0.00127867
0.00100305
-0.00100958
0.00120941
-0.00104839
0.00161549
-0.000916431
0.0016576
-0.00104946
0.00134781
-0.00100397
0.000998219
-0.000788183
0.00095239
-0.000378834
0.00112229
-0.000192152
0.00112229
-0.000378834
0.00095239
-0.000788183
0.000998219
-0.00100397
0.00134781
-0.00104946
0.0016576
-0.000916431
0.00161549
-0.00104839
0.00120941
-0.00100958
0.00100305
-0.00130731
0.00103157
-0.00094903
0.000599781
-0.000955258
0.000195771
-0.000916431
0.000387495
-0.000816699
0.000669619
-0.000851092
0.00073308
-0.00109965
0.000479016
-0.0013789
0.000373018
-0.0013789
0.000479016
-0.00109965
0.00073308
-0.000851092
0.000669619
-0.000816699
0.000387495
-0.000916431
0.000195771
-0.000955258
0.000599781
-0.00094903
0.00103157
-0.00130731
0.001079
-0.00106464
0.00121785
-0.00107834
0.00155408
-0.000955258
0.00161549
-0.00108989
0.00135906
-0.00109131
0.0011076
-0.000917197
0.00111374
-0.000564003
0.00129401
-0.000388905
0.00129401
-0.000564003
0.00111374
-0.000917197
0.0011076
-0.00109131
0.00135906
-0.00108989
0.00161549
-0.000955258
0.00155408
-0.00107834
0.00121785
-0.00106464
0.001079
-0.00125872
0.00109419
-0.00105216
0.000846871
-0.00107834
0.000599781
-0.00104839
0.000739969
-0.00100731
0.000898582
-0.0010346
0.000938487
-0.00121568
0.000754592
-0.0014127
0.000691787
-0.0014127
0.000754592
-0.00121568
0.000938487
-0.0010346
0.000898582
-0.00100731
0.000739969
-0.00104839
0.000599781
-0.00107834
0.000846871
-0.00105216
0.00109419
-0.00125872
0.0011764
-0.00111438
0.00111034
-0.00105216
0.00121785
-0.00094903
0.00120941
-0.00102491
0.00111321
-0.00100812
0.00103089
-0.000929189
0.00106235
-0.00074418
0.00119445
-0.000635856
0.00119445
-0.00074418
0.00106235
-0.000929189
0.00103089
-0.00100812
0.00111321
-0.00102491
0.00120941
-0.00094903
0.00121785
-0.00105216
0.00111034
-0.00111438
0.0011764
-0.00126078
0.00118931
-0.00111438
0.00109419
-0.00106464
0.00103157
-0.00100958
0.00106896
-0.00106303
0.00104877
-0.00112601
0.00107029
-0.00118751
0.00102074
-0.00126438
0.00100401
-0.00126438
0.00102074
-0.00118751
0.00107029
-0.00112601
0.00104877
-0.00106303
0.00106896
-0.00100958
0.00103157
-0.00106464
0.00109419
-0.00111438
0.00118931
-0.00126078
0.0011002
-0.00126078
0.0011764
-0.00125872
0.001079
-0.00130731
0.00100305
-0.00127867
0.0011186
-0.0011595
0.00121339
-0.00120189
0.00123471
-0.0012722
0.00125874
-0.00130234
0.00125874
-0.0012722
0.00123471
-0.00120189
0.00121339
-0.0011595
0.0011186
-0.00127867
0.00100305
-0.00130731
0.001079
-0.00125872
0.0011764
-0.00126078
0.0011002
