0.000944809
-0.00108997
0.00109082
-0.0010621
0.00102341
-0.00097519
0.000962795
-0.000852109
0.000998565
-0.000926006
0.000978924
-0.000947665
0.00100834
-0.00105816
0.00103839
-0.00104202
0.00103839
-0.00105816
0.00100834
-0.000947665
0.000978924
-0.000926006
0.000998565
-0.000852109
0.000962795
-0.00097519
0.00102341
-0.0010621
0.00109082
-0.00108997
0.000944809
-0.00108997
0.0010903
-0.00111754
0.00114369
-0.00112222
0.00112176
-0.00106068
0.00110101
-0.00112079
0.00112931
-0.00111702
0.00112279
-0.00110952
0.0011558
-0.0011244
0.00108728
-0.0011244
0.0011558
-0.00110952
0.00112279
-0.00111702
0.00112931
-0.00112079
0.00110101
-0.00106068
0.00112176
-0.00112222
0.00114369
-0.00111754
0.0010903
-0.00108997
0.00109082
-0.00111754
0.00112921
-0.00122403
0.00121288
-0.00130105
0.00115311
-0.0013911
0.00124141
-0.00139058
0.00124634
-0.00132354
0.00119858
-0.00128623
0.00123342
-0.00119635
0.00123342
-0.00128623
0.00119858
-0.00132354
0.00124634
-0.00139058
0.00124141
-0.0013911
0.00115311
-0.00130105
0.00121288
-0.00122403
0.00112921
-0.00111754
0.00109082
-0.0010621
0.00114369
-0.00122403
0.00130638
-0.00132551
0.00139487
-0.00112953
0.00155474
-0.00122164
0.00150666
-0.00130017
0.00150483
-0.00135838
0.00143517
-0.00141682
0.00130408
-0.00141682
0.00143517
-0.00135838
0.00150483
-0.00130017
0.00150666
-0.00122164
0.00155474
-0.00112953
0.00139487
-0.00132551
0.00130638
-0.00122403
0.00114369
-0.0010621
0.00102341
-0.00112222
0.00121288
-0.00132551
0.0013832
-0.00151286
0.001213
-0.00183312
0.00136454
-0.00176578
0.00142818
-0.00168759
0.00140701
-0.00148206
0.0014426
-0.00129363
0.0014426
-0.00148206
0.00140701
-0.00168759
0.00142818
-0.00176578
0.00136454
-0.00183312
0.001213
-0.00151286
0.0013832
-0.00132551
0.00121288
-0.00112222
0.00102341
-0.00097519
0.00112176
-0.00130105
0.00139487
-0.00151286
0.00166681
-0.00128707
0.00210137
-0.00142764
0.00191596
-0.0014344
0.00176431
-0.00142383
0.00148291
-0.00150989
0.00126542
-0.00150989
0.00148291
-0.00142383
0.00176431
-0.0014344
0.00191596
-0.00142764
0.00210137
-0.00128707
0.00166681
-0.00151286
0.00139487
-0.00130105
0.00112176
-0.00097519
0.000962795
-0.00106068
0.00115311
-0.00112953
0.001213
-0.00128707
0.000625578
-0.00165449
0.000795961
-0.00154603
0.00100435
-0.00160314
0.00121948
-0.00133774
0.00138364
-0.00109726
0.00138364
-0.00133774
0.00121948
-0.00160314
0.00100435
-0.00154603
0.000795961
-0.00165449
0.000625578
-0.00128707
0.001213
-0.00112953
0.00115311
-0.00106068
0.000962795
-0.000852109
0.00110101
-0.0013911
0.00155474
-0.00183312
0.00210137
-0.00165449
0.0028358
-0.00190507
0.00254132
-0.00180873
0.00221061
-0.00162634
0.00165492
-0.00172275
0.00129688
-0.00172275
0.00165492
-0.00162634
0.00221061
-0.00180873
0.00254132
-0.00190507
0.0028358
-0.00165449
0.00210137
-0.00183312
0.00155474
-0.0013911
0.00110101
-0.000852109
0.000998565
-0.00112079
0.00124141
-0.00122164
0.00136454
-0.00142764
0.000795961
-0.00190507
0.000985701
-0.0017576
0.00118034
-0.00180239
0.00133347
-0.00144476
0.00149836
-0.00113096
0.00149836
-0.00144476
0.00133347
-0.00180239
0.00118034
-0.0017576
0.000985701
-0.00190507
0.000795961
-0.00142764
0.00136454
-0.00122164
0.00124141
-0.00112079
0.000998565
-0.000926006
0.00112931
-0.00139058
0.00150666
-0.00176578
0.00191596
-0.00154603
0.00254132
-0.0017576
0.0022758
-0.00169033
0.00201138
-0.00155957
0.00157129
-0.00169949
0.00127891
-0.00169949
0.00157129
-0.00155957
0.00201138
-0.00169033
0.0022758
-0.0017576
0.00254132
-0.00154603
0.00191596
-0.00176578
0.00150666
-0.00139058
0.00112931
-0.000926006
0.000978924
-0.00111702
0.00124634
-0.00130017
0.00142818
-0.0014344
0.00100435
-0.00180873
0.00118034
-0.00169033
0.00130387
-0.00173657
0.00133802
-0.00148366
0.00144839
-0.00122224
0.00144839
-0.00148366
0.00133802
-0.00173657
0.00130387
-0.00169033
0.00118034
-0.00180873
0.00100435
-0.0014344
0.00142818
-0.00130017
0.00124634
-0.00111702
0.000978924
-0.000947665
0.00112279
-0.00132354
0.00150483
-0.00168759
0.00176431
-0.00160314
0.00221061
-0.00180239
0.00201138
-0.00173657
0.00184924
-0.00156201
0.00150411
-0.00163169
0.00117803
-0.00163169
0.00150411
-0.00156201
0.00184924
-0.00173657
0.00201138
-0.00180239
0.00221061
-0.00160314
0.00176431
-0.00168759
0.00150483
-0.00132354
0.00112279
-0.000947665
0.00100834
-0.00110952
0.00119858
-0.00135838
0.00140701
-0.00142383
0.00121948
-0.00162634
0.00133347
-0.00155957
0.00133802
-0.00156201
0.00127412
-0.00156458
0.00121732
-0.00154924
0.00121732
-0.00156458
0.00127412
-0.00156201
0.00133802
-0.00155957
0.00133347
-0.00162634
0.00121948
-0.00142383
0.00140701
-0.00135838
0.00119858
-0.00110952
0.00100834
-0.00105816
0.0011558
-0.00128623
0.00143517
-0.00148206
0.00148291
-0.00133774
0.00165492
-0.00144476
0.00157129
-0.00148366
0.00150411
-0.00156458
0.00126751
-0.00198758
0.000424008
-0.00198758
0.00126751
-0.00156458
0.00150411
-0.00148366
0.00157129
-0.00144476
0.00165492
-0.00133774
0.00148291
-0.00148206
0.00143517
-0.00128623
0.0011558
-0.00105816
0.00103839
-0.0011244
0.00123342
-0.00141682
0.0014426
-0.00150989
0.00138364
-0.00172275
0.00149836
-0.00169949
0.00144839
-0.00163169
0.00121732
-0.00198758
-0.000146529
-0.00536904
-0.000146529
-0.00198758
0.00121732
-0.00163169
0.00144839
-0.00169949
0.00149836
-0.00172275
0.00138364
-0.00150989
0.0014426
-0.00141682
0.00123342
-0.0011244
0.00103839
-0.00104202
0.00108728
-0.00119635
0.00130408
-0.00129363
0.00126542
-0.00109726
0.00129688
-0.00113096
0.00127891
-0.00122224
0.00117803
-0.00154924
0.000424008
-0.00536904
-0.0207532
-0.00536904
0.000424008
-0.00154924
0.00117803
-0.00122224
0.00127891
-0.00113096
0.00129688
-0.00109726
0.00126542
-0.00129363
0.00130408
-0.00119635
0.00108728
-0.00104202
0.00103839
-0.0011244
0.00123342
-0.00141682
0.0014426
-0.00150989
0.00138364
-0.00172275
0.00149836
-0.00169949
0.00144839
-0.00163169
0.00121732
-0.00198758
-0.000146529
-0.00536904
-0.000146529
-0.00198758
0.00121732
-0.00163169
0.00144839
-0.00169949
0.00149836
-0.00172275
0.00138364
-0.00150989
0.0014426
-0.00141682
0.00123342
-0.0011244
0.00103839
-0.00105816
0.0011558
-0.00128623
0.00143517
-0.00148206
0.00148291
-0.00133774
0.00165492
-0.00144476
0.00157129
-0.00148366
0.00150411
-0.00156458
0.00126751
-0.00198758
0.000424008
-0.00198758
0.00126751
-0.00156458
0.00150411
-0.00148366
0.00157129
-0.00144476
0.00165492
-0.00133774
0.00148291
-0.00148206
0.00143517
-0.00128623
0.0011558
-0.00105816
0.00100834
-0.00110952
0.00119858
-0.00135838
0.00140701
-0.00142383
0.00121948
-0.00162634
0.00133347
-0.00155957
0.00133802
-0.00156201
0.00127412
-0.00156458
0.00121732
-0.00154924
0.00121732
-0.00156458
0.00127412
-0.00156201
0.00133802
-0.00155957
0.00133347
-0.00162634
0.00121948
-0.00142383
0.00140701
-0.00135838
0.00119858
-0.00110952
0.00100834
-0.000947665
0.00112279
-0.00132354
0.00150483
-0.00168759
0.00176431
-0.00160314
0.00221061
-0.00180239
0.00201138
-0.00173657
0.00184924
-0.00156201
0.00150411
-0.00163169
0.00117803
-0.00163169
0.00150411
-0.00156201
0.00184924
-0.00173657
0.00201138
-0.00180239
0.00221061
-0.00160314
0.00176431
-0.00168759
0.00150483
-0.00132354
0.00112279
-0.000947665
0.000978924
-0.00111702
0.00124634
-0.00130017
0.00142818
-0.0014344
0.00100435
-0.00180873
0.00118034
-0.00169033
0.00130387
-0.00173657
0.00133802
-0.00148366
0.00144839
-0.00122224
0.00144839
-0.00148366
0.00133802
-0.00173657
0.00130387
-0.00169033
0.00118034
-0.00180873
0.00100435
-0.0014344
0.00142818
-0.00130017
0.00124634
-0.00111702
0.000978924
-0.000926006
0.00112931
-0.00139058
0.00150666
-0.00176578
0.00191596
-0.00154603
0.00254132
-0.0017576
0.0022758
-0.00169033
0.00201138
-0.00155957
0.00157129
-0.00169949
0.00127891
-0.00169949
0.00157129
-0.00155957
0.00201138
-0.00169033
0.0022758
-0.0017576
0.00254132
-0.00154603
0.00191596
-0.00176578
0.00150666
-0.00139058
0.00112931
-0.000926006
0.000998565
-0.00112079
0.00124141
-0.00122164
0.00136454
-0.00142764
0.000795961
-0.00190507
0.000985701
-0.0017576
0.00118034
-0.00180239
0.00133347
-0.00144476
0.00149836
-0.00113096
0.00149836
-0.00144476
0.00133347
-0.00180239
0.00118034
-0.0017576
0.000985701
-0.00190507
0.000795961
-0.00142764
0.00136454
-0.00122164
0.00124141
-0.00112079
0.000998565
-0.000852109
0.00110101
-0.0013911
0.00155474
-0.00183312
0.00210137
-0.00165449
0.0028358
-0.00190507
0.00254132
-0.00180873
0.00221061
-0.00162634
0.00165492
-0.00172275
0.00129688
-0.00172275
0.00165492
-0.00162634
0.00221061
-0.00180873
0.00254132
-0.00190507
0.0028358
-0.00165449
0.00210137
-0.00183312
0.00155474
-0.0013911
0.00110101
-0.000852109
0.000962795
-0.00106068
0.00115311
-0.00112953
0.001213
-0.00128707
0.000625578
-0.00165449
0.000795961
-0.00154603
0.00100435
-0.00160314
0.00121948
-0.00133774
0.00138364
-0.00109726
0.00138364
-0.00133774
0.00121948
-0.00160314
0.00100435
-0.00154603
0.000795961
-0.00165449
0.000625578
-0.00128707
0.001213
-0.00112953
0.00115311
-0.00106068
0.000962795
-0.00097519
0.00112176
-0.00130105
0.00139487
-0.00151286
0.00166681
-0.00128707
0.00210137
-0.00142764
0.00191596
-0.0014344
0.00176431
-0.00142383
0.00148291
-0.00150989
0.00126542
-0.00150989
0.00148291
-0.00142383
0.00176431
-0.0014344
0.00191596
-0.00142764
0.00210137
-0.00128707
0.00166681
-0.00151286
0.00139487
-0.00130105
0.00112176
-0.00097519
0.00102341
-0.00112222
0.00121288
-0.00132551
0.0013832
-0.00151286
0.001213
-0.00183312
0.00136454
-0.00176578
0.00142818
-0.00168759
0.00140701
-0.00148206
0.0014426
-0.00129363
0.0014426
-0.00148206
0.00140701
-0.00168759
0.00142818
-0.00176578
0.00136454
-0.00183312
0.001213
-0.00151286
0.0013832
-0.00132551
0.00121288
-0.00112222
0.00102341
-0.0010621
0.00114369
-0.00122403
0.00130638
-0.00132551
0.00139487
-0.00112953
0.00155474
-0.00122164
0.00150666
-0.00130017
0.00150483
-0.00135838
0.00143517
-0.00141682
0.00130408
-0.00141682
0.00143517
-0.00135838
0.00150483
-0.00130017
0.00150666
-0.00122164
0.00155474
-0.00112953
0.00139487
-0.00132551
0.00130638
-0.00122403
0.00114369
-0.0010621
0.00109082
-0.00111754
0.00112921
-0.00122403
0.00121288
-0.00130105
0.00115311
-0.0013911
0.00124141
-0.00139058
0.00124634
-0.00132354
0.00119858
-0.00128623
0.00123342
-0.00119635
0.00123342
-0.00128623
0.00119858
-0.00132354
0.00124634
-0.00139058
0.00124141
-0.0013911
0.00115311
-0.00130105
0.00121288
-0.00122403
0.00112921
-0.00111754
0.00109082
-0.00108997
0.0010903
-0.00111754
0.00114369
-0.00112222
0.00112176
-0.00106068
0.00110101
-0.00112079
0.00112931
-0.00111702
0.00112279
-0.00110952
0.0011558
-0.0011244
0.00108728
-0.0011244
0.0011558
-0.00110952
0.00112279
-0.00111702
0.00112931
-0.00112079
0.00110101
-0.00106068
0.00112176
-0.00112222
0.00114369
-0.00111754
0.0010903
-0.00108997
0.000944809
-0.00108997
0.00109082
-0.0010621
0.00102341
-0.00097519
0.000962795
-0.000852109
0.000998565
-0.000926006
0.000978924
-0.000947665
0.00100834
-0.00105816
0.00103839
-0.00104202
0.00103839
-0.00105816
0.00100834
-0.000947665
0.000978924
-0.000926006
0.000998565
-0.000852109
0.000962795
-0.00097519
0.00102341
-0.0010621
0.00109082
-0.00108997
0.000944809
