0.00110717
-0.00128535
0.00117421
-0.00131548
0.00112807
-0.0012975
0.0011267
-0.00125558
0.00111888
-0.0012532
0.00117247
-0.00120716
0.0012494
-0.00127805
0.00126912
-0.0013203
0.00126912
-0.00127805
0.0012494
-0.00120716
0.00117247
-0.0012532
0.00111888
-0.00125558
0.0011267
-0.0012975
0.00112807
-0.00131548
0.00117421
-0.00128535
0.00110717
-0.00128535
0.0012051
-0.00111875
0.00115396
-0.00106262
0.00103304
-0.00109636
0.00102542
-0.00103104
0.00114841
-0.00106957
0.00107916
-0.00120482
0.00106492
-0.00128143
0.00104346
-0.00128143
0.00106492
-0.00120482
0.00107916
-0.00106957
0.00114841
-0.00103104
0.00102542
-0.00109636
0.00103304
-0.00106262
0.00115396
-0.00111875
0.0012051
-0.00128535
0.00117421
-0.00111875
0.00116158
-0.00110209
0.00119257
-0.00100311
0.0012813
-0.0010257
0.00115312
-0.00118804
0.00107571
-0.00103175
0.00115577
-0.000859482
0.00119918
-0.000774749
0.00119918
-0.000859482
0.00115577
-0.00103175
0.00107571
-0.00118804
0.00115312
-0.0010257
0.0012813
-0.00100311
0.00119257
-0.00110209
0.00116158
-0.00111875
0.00117421
-0.00131548
0.00115396
-0.00110209
0.00102591
-0.0010915
0.000790911
-0.00119742
0.000831794
-0.00102896
0.00113012
-0.00106573
0.00105819
-0.0013411
0.00101691
-0.00152755
0.000937583
-0.00152755
0.00101691
-0.0013411
0.00105819
-0.00106573
0.00113012
-0.00102896
0.000831794
-0.00119742
0.000790911
-0.0010915
0.00102591
-0.00110209
0.00115396
-0.00131548
0.00112807
-0.00106262
0.00119257
-0.0010915
0.00132636
-0.000952704
0.00147611
-0.00100203
0.00125657
-0.00124718
0.00109583
-0.000989228
0.00116844
-0.000710239
0.00123395
-0.000546582
0.00123395
-0.000710239
0.00116844
-0.000989228
0.00109583
-0.00124718
0.00125657
-0.00100203
0.00147611
-0.000952704
0.00132636
-0.0010915
0.00119257
-0.00106262
0.00112807
-0.0012975
0.00103304
-0.00100311
0.000790911
-0.000952704
0.000476166
-0.00105425
0.000524109
-0.000852757
0.000905039
-0.00085296
0.000806091
-0.00115209
0.000700535
-0.00136686
0.000575419
-0.00136686
0.000700535
-0.00115209
0.000806091
-0.00085296
0.000905039
-0.000852757
0.000524109
-0.00105425
0.000476166
-0.000952704
0.000790911
-0.00100311
0.00103304
-0.0012975
0.0011267
-0.00109636
0.0012813
-0.00119742
0.00147611
-0.00105425
0.00164673
-0.00110766
0.00140087
-0.00138012
0.00120974
-0.00109045
0.0012844
-0.000820208
0.0013503
-0.000628462
0.0013503
-0.000820208
0.0012844
-0.00109045
0.00120974
-0.00138012
0.00140087
-0.00110766
0.00164673
-0.00105425
0.00147611
-0.00119742
0.0012813
-0.00109636
0.0011267
-0.00125558
0.00102542
-0.0010257
0.000831794
-0.00100203
0.000524109
-0.00110766
0.000554914
-0.000886187
0.000927063
-0.000846355
0.000791473
-0.00110173
0.000693016
-0.00127817
0.000553514
-0.00127817
0.000693016
-0.00110173
0.000791473
-0.000846355
0.000927063
-0.000886187
0.000554914
-0.00110766
0.000524109
-0.00100203
0.000831794
-0.0010257
0.00102542
-0.00125558
0.00111888
-0.00103104
0.00115312
-0.00102896
0.00125657
-0.000852757
0.00140087
-0.000886187
0.00117512
-0.00119746
0.00100874
-0.000944998
0.00108453
-0.000729301
0.00113215
-0.000558217
0.00113215
-0.000729301
0.00108453
-0.000944998
0.00100874
-0.00119746
0.00117512
-0.000886187
0.00140087
-0.000852757
0.00125657
-0.00102896
0.00115312
-0.00103104
0.00111888
-0.0012532
0.00114841
-0.00118804
0.00113012
-0.00124718
0.000905039
-0.00138012
0.000927063
-0.00119746
0.00130514
-0.00116382
0.00114047
-0.00138851
0.00109796
-0.00151684
0.000976009
-0.00151684
0.00109796
-0.00138851
0.00114047
-0.00116382
0.00130514
-0.00119746
0.000927063
-0.00138012
0.000905039
-0.00124718
0.00113012
-0.00118804
0.00114841
-0.0012532
0.00117247
-0.00106957
0.00107571
-0.00106573
0.00109583
-0.00085296
0.00120974
-0.000846355
0.00100874
-0.00116382
0.000891131
-0.000927402
0.00103242
-0.000834701
0.00107648
-0.000708037
0.00107648
-0.000834701
0.00103242
-0.000927402
0.000891131
-0.00116382
0.00100874
-0.000846355
0.00120974
-0.00085296
0.00109583
-0.00106573
0.00107571
-0.00106957
0.00117247
-0.00120716
0.00107916
-0.00103175
0.00105819
-0.000989228
0.000806091
-0.00109045
0.000791473
-0.000944998
0.00114047
-0.000927402
0.000880599
-0.00113699
0.000773658
-0.00121037
0.000621496
-0.00121037
0.000773658
-0.00113699
0.000880599
-0.000927402
0.00114047
-0.000944998
0.000791473
-0.00109045
0.000806091
-0.000989228
0.00105819
-0.00103175
0.00107916
-0.00120716
0.0012494
-0.00120482
0.00115577
-0.0013411
0.00116844
-0.00115209
0.0012844
-0.00110173
0.00108453
-0.00138851
0.00103242
-0.00113699
0.00124842
-0.00119043
0.00122362
-0.00125548
0.00122362
-0.00119043
0.00124842
-0.00113699
0.00103242
-0.00138851
0.00108453
-0.00110173
0.0012844
-0.00115209
0.00116844
-0.0013411
0.00115577
-0.00120482
0.0012494
-0.00127805
0.00106492
-0.000859482
0.00101691
-0.000710239
0.000700535
-0.000820208
0.000693016
-0.000729301
0.00109796
-0.000834701
0.000773658
-0.00119043
0.000491471
-0.00164531
-0.000326607
-0.00164531
0.000491471
-0.00119043
0.000773658
-0.000834701
0.00109796
-0.000729301
0.000693016
-0.000820208
0.000700535
-0.000710239
0.00101691
-0.000859482
0.00106492
-0.00127805
0.00126912
-0.00128143
0.00119918
-0.00152755
0.00123395
-0.00136686
0.0013503
-0.00127817
0.00113215
-0.00151684
0.00107648
-0.00121037
0.00122362
-0.00164531
-3.81473e-05
-0.00513564
-3.81473e-05
-0.00164531
0.00122362
-0.00121037
0.00107648
-0.00151684
0.00113215
-0.00127817
0.0013503
-0.00136686
0.00123395
-0.00152755
0.00119918
-0.00128143
0.00126912
-0.0013203
0.00104346
-0.000774749
0.000937583
-0.000546582
0.000575419
-0.000628462
0.000553514
-0.000558217
0.000976009
-0.000708037
0.000621496
-0.00125548
-0.000326607
-0.00513564
-0.0215428
-0.00513564
-0.000326607
-0.00125548
0.000621496
-0.000708037
0.000976009
-0.000558217
0.000553514
-0.000628462
0.000575419
-0.000546582
0.000937583
-0.000774749
0.00104346
-0.0013203
0.00126912
-0.00128143
0.00119918
-0.00152755
0.00123395
-0.00136686
0.0013503
-0.00127817
0.00113215
-0.00151684
0.00107648
-0.00121037
0.00122362
-0.00164531
-3.81473e-05
-0.00513564
-3.81473e-05
-0.00164531
0.00122362
-0.00121037
0.00107648
-0.00151684
0.00113215
-0.00127817
0.0013503
-0.00136686
0.00123395
-0.00152755
0.00119918
-0.00128143
0.00126912
-0.00127805
0.00106492
-0.000859482
0.00101691
-0.000710239
0.000700535
-0.000820208
0.000693016
-0.000729301
0.00109796
-0.000834701
0.000773658
-0.00119043
0.000491471
-0.00164531
-0.000326607
-0.00164531
0.000491471
-0.00119043
0.000773658
-0.000834701
0.00109796
-0.000729301
0.000693016
-0.000820208
0.000700535
-0.000710239
0.00101691
-0.000859482
0.00106492
-0.00127805
0.0012494
-0.00120482
0.00115577
-0.0013411
0.00116844
-0.00115209
0.0012844
-0.00110173
0.00108453
-0.00138851
0.00103242
-0.00113699
0.00124842
-0.00119043
0.00122362
-0.00125548
0.00122362
-0.00119043
0.00124842
-0.00113699
0.00103242
-0.00138851
0.00108453
-0.00110173
0.0012844
-0.00115209
0.00116844
-0.0013411
0.00115577
-0.00120482
0.0012494
-0.00120716
0.00107916
-0.00103175
0.00105819
-0.000989228
0.000806091
-0.00109045
0.000791473
-0.000944998
0.00114047
-0.000927402
0.000880599
-0.00113699
0.000773658
-0.00121037
0.000621496
-0.00121037
0.000773658
-0.00113699
0.000880599
-0.000927402
0.00114047
-0.000944998
0.000791473
-0.00109045
0.000806091
-0.000989228
0.00105819
-0.00103175
0.00107916
-0.00120716
0.00117247
-0.00106957
0.00107571
-0.00106573
0.00109583
-0.00085296
0.00120974
-0.000846355
0.00100874
-0.00116382
0.000891131
-0.000927402
0.00103242
-0.000834701
0.00107648
-0.000708037
0.00107648
-0.000834701
0.00103242
-0.000927402
0.000891131
-0.00116382
0.00100874
-0.000846355
0.00120974
-0.00085296
0.00109583
-0.00106573
0.00107571
-0.00106957
0.00117247
-0.0012532
0.00114841
-0.00118804
0.00113012
-0.00124718
0.000905039
-0.00138012
0.000927063
-0.00119746
0.00130514
-0.00116382
0.00114047
-0.00138851
0.00109796
-0.00151684
0.000976009
-0.00151684
0.00109796
-0.00138851
0.00114047
-0.00116382
0.00130514
-0.00119746
0.000927063
-0.00138012
0.000905039
-0.00124718
0.00113012
-0.00118804
0.00114841
-0.0012532
0.00111888
-0.00103104
0.00115312
-0.00102896
0.00125657
-0.000852757
0.00140087
-0.000886187
0.00117512
-0.00119746
0.00100874
-0.000944998
0.00108453
-0.000729301
0.00113215
-0.000558217
0.00113215
-0.000729301
0.00108453
-0.000944998
0.00100874
-0.00119746
0.00117512
-0.000886187
0.00140087
-0.000852757
0.00125657
-0.00102896
0.00115312
-0.00103104
0.00111888
-0.00125558
0.00102542
-0.0010257
0.000831794
-0.00100203
0.000524109
-0.00110766
0.000554914
-0.000886187
0.000927063
-0.000846355
0.000791473
-0.00110173
0.000693016
-0.00127817
0.000553514
-0.00127817
0.000693016
-0.00110173
0.000791473
-0.000846355
0.000927063
-0.000886187
0.000554914
-0.00110766
0.000524109
-0.00100203
0.000831794
-0.0010257
0.00102542
-0.00125558
0.0011267
-0.00109636
0.0012813
-0.00119742
0.00147611
-0.00105425
0.00164673
-0.00110766
0.00140087
-0.00138012
0.00120974
-0.00109045
0.0012844
-0.000820208
0.0013503
-0.000628462
0.0013503
-0.000820208
0.0012844
-0.00109045
0.00120974
-0.00138012
0.00140087
-0.00110766
0.00164673
-0.00105425
0.00147611
-0.00119742
0.0012813
-0.00109636
0.0011267
-0.0012975
0.00103304
-0.00100311
0.000790911
-0.000952704
0.000476166
-0.00105425
0.000524109
-0.000852757
0.000905039
-0.00085296
0.000806091
-0.00115209
0.000700535
-0.00136686
0.000575419
-0.00136686
0.000700535
-0.00115209
0.000806091
-0.00085296
0.000905039
-0.000852757
0.000524109
-0.00105425
0.000476166
-0.000952704
0.000790911
-0.00100311
0.00103304
-0.0012975
0.00112807
-0.00106262
0.00119257
-0.0010915
0.00132636
-0.000952704
0.00147611
-0.00100203
0.00125657
-0.00124718
0.00109583
-0.000989228
0.00116844
-0.000710239
0.00123395
-0.000546582
0.00123395
-0.000710239
0.00116844
-0.000989228
0.00109583
-0.00124718
0.00125657
-0.00100203
0.00147611
-0.000952704
0.00132636
-0.0010915
0.00119257
-0.00106262
0.00112807
-0.00131548
0.00115396
-0.00110209
0.00102591
-0.0010915
0.000790911
-0.00119742
0.000831794
-0.00102896
0.00113012
-0.00106573
0.00105819
-0.0013411
0.00101691
-0.00152755
0.000937583
-0.00152755
0.00101691
-0.0013411
0.00105819
-0.00106573
0.00113012
-0.00102896
0.000831794
-0.00119742
0.000790911
-0.0010915
0.00102591
-0.00110209
0.00115396
-0.00131548
0.00117421
-0.00111875
0.00116158
-0.00110209
0.00119257
-0.00100311
0.0012813
-0.0010257
0.00115312
-0.00118804
0.00107571
-0.00103175
0.00115577
-0.000859482
0.00119918
-0.000774749
0.00119918
-0.000859482
0.00115577
-0.00103175
0.00107571
-0.00118804
0.00115312
-0.0010257
0.0012813
-0.00100311
0.00119257
-0.00110209
0.00116158
-0.00111875
0.00117421
-0.00128535
0.0012051
-0.00111875
0.00115396
-0.00106262
0.00103304
-0.00109636
0.00102542
-0.00103104
0.00114841
-0.00106957
0.00107916
-0.00120482
0.00106492
-0.00128143
0.00104346
-0.00128143
0.00106492
-0.00120482
0.00107916
-0.00106957
0.00114841
-0.00103104
0.00102542
-0.00109636
0.00103304
-0.00106262
0.00115396
-0.00111875
0.0012051
-0.00128535
0.00110717
-0.00128535
0.00117421
-0.00131548
0.00112807
-0.0012975
0.0011267
-0.00125558
0.00111888
-0.0012532
0.00117247
-0.00120716
0.0012494
-0.00127805
0.00126912
-0.0013203
0.00126912
-0.00127805
0.0012494
-0.00120716
0.00117247
-0.0012532
0.00111888
-0.00125558
0.0011267
-0.0012975
0.00112807
-0.00131548
0.00117421
-0.00128535
0.00110717
