-1.70553e+13
-4.30612e+13
3.14392e+13
-2.20808e+13
4.33201e+13
-3.74212e+13
2.49507e+13
-1.63855e+13
1.47412e+13
-1.62513e+13
1.87657e+13
-2.11781e+13
2.32706e+13
-2.488e+13
2.83076e+13
-2.86688e+13
2.87146e+13
-2.77652e+13
2.67404e+13
-2.58264e+13
2.42934e+13
-2.30061e+13
2.66806e+13
-3.13407e+13
4.95373e+13
-7.57775e+13
7.53397e+13
-3.74238e+13
7.1522e+13
-9.37888e+13
-6.6343e+13
-4.79712e+13
3.506e+14
-2.99867e+13
-1.08432e+14
-2.35996e+14
7.62428e+13
-2.33042e+13
-1.03737e+13
1.41096e+12
7.78782e+12
-1.96579e+13
2.32896e+13
-2.64349e+13
3.17216e+13
-5.89436e+13
6.49466e+13
-6.82933e+13
5.91815e+13
-5.38018e+13
5.0543e+13
-4.3368e+13
3.21049e+13
-3.38202e+13
2.40091e+13
-9.43404e+13
2.01033e+14
-3.33942e+14
-8.01222e+13
-1.85781e+14
5.27328e+14
-2.63989e+14
2.15333e+14
-4.93985e+14
1.07797e+13
2.72648e+14
2.98595e+14
-3.13728e+13
-5.17135e+13
1.15162e+14
-1.13353e+14
1.12574e+14
-1.07696e+14
1.15668e+14
-1.22347e+14
1.12515e+14
-4.69379e+13
2.70006e+13
-1.9637e+13
2.99831e+13
-2.8636e+13
2.28057e+13
-2.46379e+13
3.45665e+13
-8.60976e+12
1.47548e+13
1.07102e+14
-2.77027e+14
4.94787e+14
1.92574e+14
2.90259e+14
-7.85918e+14
3.83331e+14
-3.36225e+14
7.01184e+14
-2.59303e+14
-4.68129e+13
-7.22154e+14
4.2694e+14
-3.43949e+14
2.68025e+14
-2.67708e+14
2.66252e+14
-2.70969e+14
2.60091e+14
-2.52124e+14
2.57898e+14
-3.95531e+14
4.1962e+14
-4.29735e+14
4.22281e+14
-4.25755e+14
4.38826e+14
-4.51373e+14
4.8364e+14
-6.56902e+14
6.96567e+14
-8.51678e+14
1.02656e+15
-1.23491e+15
2.92933e+14
-7.79045e+14
1.14568e+15
6.7809e+14
-4.58508e+14
-7.63139e+14
3.43629e+14
-7.01182e+12
8.72766e+14
-5.71773e+14
5.00459e+14
-4.28062e+14
4.35972e+14
-4.42355e+14
4.55358e+14
-4.50227e+14
4.47959e+14
-4.61779e+14
6.65084e+14
-6.94808e+14
7.07586e+14
-6.97245e+14
6.98257e+14
-7.08911e+14
7.20271e+14
-7.66176e+14
1.02411e+15
-1.07331e+15
1.22524e+15
-1.38012e+15
1.5655e+15
-4.95026e+14
9.85945e+14
-1.28559e+15
-7.5854e+14
4.41263e+14
7.3239e+14
-2.84171e+14
-9.4597e+13
-7.94358e+14
4.84114e+14
-4.15171e+14
3.4281e+14
-3.53282e+14
3.61653e+14
-3.76474e+14
3.72174e+14
-3.71265e+14
3.89206e+14
-6.16596e+14
6.50453e+14
-6.64498e+14
6.56577e+14
-6.55446e+14
6.65216e+14
-6.73952e+14
7.12127e+14
-9.71674e+14
1.00831e+15
-1.15533e+15
1.30376e+15
-1.4885e+15
3.92857e+14
-9.17704e+14
1.2685e+15
7.50697e+14
-4.32803e+14
-7.17384e+14
2.5139e+14
1.47309e+14
7.42525e+14
-4.22082e+14
-4.64232e+15
4.12002e+15
-3.97955e+15
3.98589e+15
-4.03272e+15
4.03411e+15
-4.05024e+15
4.15483e+15
-4.59081e+15
4.70839e+15
-4.77929e+15
4.76432e+15
-4.66324e+15
4.48628e+15
-4.40595e+15
4.60128e+15
-5.29943e+15
5.6982e+15
-6.43531e+15
7.23401e+15
-7.18453e+15
4.06237e+15
-4.8864e+15
5.59753e+15
-7.45695e+14
4.31546e+14
-3.78804e+15
3.22188e+15
-2.75264e+15
5.46694e+15
-5.10563e+15
4.51102e+15
-3.97441e+15
3.82013e+15
-3.81124e+15
3.84022e+15
-3.8261e+15
3.8303e+15
-3.92509e+15
4.37662e+15
-4.46666e+15
4.52226e+15
-4.51702e+15
4.4731e+15
-4.36398e+15
4.23882e+15
-4.38636e+15
5.08573e+15
-5.4949e+15
6.25109e+15
-7.07134e+15
7.0494e+15
-3.95127e+15
4.79011e+15
-5.59758e+15
7.51484e+14
-4.34734e+14
3.80961e+15
-3.27337e+15
2.81883e+15
-5.54116e+15
5.19143e+15
-4.60869e+15
4.08257e+15
-3.93541e+15
3.93191e+15
-3.96216e+15
3.94934e+15
-3.96071e+15
4.06069e+15
-4.49843e+15
4.59561e+15
-4.67285e+15
4.66641e+15
-4.65769e+15
4.60252e+15
-4.42147e+15
4.52832e+15
-5.23939e+15
5.64704e+15
-6.39075e+15
7.19361e+15
-7.1571e+15
4.04969e+15
-4.85065e+15
5.65362e+15
-7.62e+14
4.3717e+14
-3.83099e+15
3.33137e+15
-2.90015e+15
5.63933e+15
-5.31699e+15
4.76279e+15
-4.2628e+15
4.14325e+15
-4.16564e+15
4.22018e+15
-4.23023e+15
4.26159e+15
-4.38427e+15
4.86565e+15
-4.96027e+15
5.02274e+15
-5.00326e+15
4.96945e+15
-4.90654e+15
4.71203e+15
-4.80877e+15
5.51444e+15
-5.90261e+15
6.61402e+15
-7.37933e+15
7.30796e+15
-4.17758e+15
4.93416e+15
-5.69709e+15
7.6877e+14
-4.34974e+14
3.81963e+15
-3.31759e+15
2.88141e+15
-5.61596e+15
5.29602e+15
-4.74318e+15
4.2432e+15
-4.12368e+15
4.14656e+15
-4.20412e+15
4.21793e+15
-4.25245e+15
4.37496e+15
-4.85321e+15
4.94372e+15
-5.00232e+15
5.0308e+15
-4.99566e+15
4.83557e+15
-4.64126e+15
4.78069e+15
-5.48655e+15
5.87442e+15
-6.58638e+15
7.3514e+15
-7.27713e+15
4.15766e+15
-4.91235e+15
5.68161e+15
-7.65345e+14
4.31533e+14
-3.79024e+15
3.2564e+15
-2.79509e+15
5.50844e+15
-5.16561e+15
4.58523e+15
-4.05578e+15
3.90569e+15
-3.897e+15
3.92835e+15
-3.9217e+15
3.93693e+15
-4.03828e+15
4.48737e+15
-4.56799e+15
4.65821e+15
-4.88986e+15
4.99054e+15
-4.62529e+15
4.30637e+15
-4.47314e+15
5.18681e+15
-5.5981e+15
6.34674e+15
-7.15004e+15
7.10842e+15
-4.03579e+15
4.8169e+15
-5.63198e+15
7.57162e+14
-4.30427e+14
3.77305e+15
-3.21719e+15
2.74216e+15
-5.44585e+15
5.08998e+15
-4.49438e+15
3.95199e+15
-3.79011e+15
3.76394e+15
-3.78367e+15
3.77537e+15
-3.7868e+15
3.88189e+15
-4.3182e+15
4.39434e+15
-4.51211e+15
4.94156e+15
-5.20581e+15
4.68418e+15
-4.17745e+15
4.30603e+15
-5.01182e+15
5.43033e+15
-6.19848e+15
7.02496e+15
-7.00434e+15
3.97117e+15
-4.77028e+15
5.60742e+15
-7.54431e+14
1.84269e+15
-3.78147e+15
3.23556e+15
-2.77125e+15
5.48525e+15
-5.13852e+15
4.55274e+15
-4.02555e+15
3.88154e+15
-3.85985e+15
3.88516e+15
-3.89713e+15
3.92426e+15
-4.03202e+15
4.48858e+15
-4.56343e+15
4.67058e+15
-5.14662e+15
5.46208e+15
-4.95137e+15
4.36738e+15
-4.43675e+15
5.13122e+15
-5.53374e+15
6.28623e+15
-7.09814e+15
7.05811e+15
-4.0314e+15
4.82844e+15
-5.63108e+15
2.98768e+15
-1.85724e+15
3.81061e+15
-3.2983e+15
2.85984e+15
-5.59374e+15
5.26521e+15
-4.6959e+15
4.18914e+15
-4.06868e+15
4.04932e+15
-4.07005e+15
4.09774e+15
-3.727e+15
3.82667e+15
-4.31773e+15
4.56584e+15
-5.05333e+15
5.91843e+15
-6.71226e+15
6.68059e+15
-5.813e+15
4.8898e+15
-4.54801e+15
4.42419e+15
-4.14571e+15
3.11433e+15
-1.68693e+15
4.34359e+14
-2.10753e+15
1.14797e+15
-3.01352e+15
1.86798e+15
-1.21771e+15
2.42551e+15
-1.53213e+15
2.30091e+15
-2.74296e+15
2.34151e+15
-2.29164e+15
2.93343e+15
-3.53021e+15
3.8635e+15
-3.98753e+15
4.00892e+15
-4.10927e+15
4.61653e+15
-4.86424e+15
5.34722e+15
-6.20775e+15
6.94915e+15
-6.86962e+15
6.05751e+15
-5.21898e+15
4.92641e+15
-4.82625e+15
4.53185e+15
5.07382e+14
-2.56697e+15
1.56174e+15
6.34673e+14
2.4151e+15
3.02784e+15
-1.85765e+15
-5.06553e+15
1.84695e+15
-3.96007e+15
8.0246e+15
-6.04373e+15
6.22944e+15
-5.86153e+15
4.70268e+15
-3.96237e+15
3.68104e+15
-3.65992e+15
3.6656e+15
-3.74509e+15
3.71257e+15
-3.76759e+15
3.47281e+15
-3.11139e+15
2.27026e+15
-1.19393e+15
7.50074e+14
-1.14647e+15
1.71759e+15
-1.31504e+15
1.9207e+15
-4.71107e+15
7.26763e+15
-3.86299e+15
1.12472e+15
-6.01675e+15
-3.00221e+15
1.84275e+15
5.08844e+15
-2.05087e+15
4.23038e+15
-8.33662e+15
6.40906e+15
-6.65463e+15
6.32775e+15
-5.19314e+15
4.47089e+15
-4.20728e+15
4.20056e+15
-4.20818e+15
4.3174e+15
-4.33475e+15
4.42356e+15
-4.11951e+15
3.70324e+15
-2.79119e+15
1.67591e+15
-1.28369e+15
1.74943e+15
-2.37096e+15
1.98359e+15
-2.50845e+15
5.16841e+15
-7.61824e+15
4.09714e+15
-1.44025e+15
6.06819e+15
-6.42918e+15
4.64338e+15
-8.18261e+15
4.16906e+15
-6.93562e+15
1.34483e+16
-1.07657e+16
1.09355e+16
-1.04573e+16
9.16242e+15
-8.45479e+15
8.27853e+15
-8.4054e+15
8.48451e+15
-8.7488e+15
9.06694e+15
-9.3337e+15
9.13918e+15
-8.6918e+15
7.29832e+15
-5.63811e+15
4.86862e+15
-5.16933e+15
5.87289e+15
-5.19573e+15
5.81296e+15
-9.22464e+15
1.21505e+16
-6.27989e+15
3.32143e+15
-9.56194e+15
6.37644e+15
-4.65603e+15
8.18233e+15
-4.04644e+15
6.77166e+15
-1.32655e+16
1.05485e+16
-1.06704e+16
1.01671e+16
-8.87707e+15
8.15862e+15
-7.94859e+15
8.05173e+15
-8.1229e+15
8.36371e+15
-8.64447e+15
8.88432e+15
-8.74262e+15
7.98657e+15
-6.16703e+15
4.75615e+15
-4.41393e+15
4.80165e+15
-5.46611e+15
4.78399e+15
-5.48976e+15
9.02165e+15
-1.19783e+16
6.05032e+15
-3.19843e+15
9.45066e+15
-6.36102e+15
4.67535e+15
-8.17968e+15
3.81879e+15
-6.47636e+15
1.29132e+16
-1.01102e+16
1.01181e+16
-9.50355e+15
8.11348e+15
-7.28088e+15
6.94673e+15
-6.93558e+15
6.91338e+15
-7.04196e+15
7.20992e+15
-7.27039e+15
7.1328e+15
-7.18129e+15
6.29641e+15
-4.57975e+15
3.46845e+15
-3.66763e+15
4.42301e+15
-3.82968e+15
4.72814e+15
-8.51054e+15
1.15915e+16
-5.6739e+15
2.98182e+15
-9.39526e+15
6.37313e+15
-4.67862e+15
-5.59229e+15
5.28567e+15
-6.14529e+15
8.36055e+15
-8.95322e+15
7.88712e+15
-7.05035e+15
6.53379e+15
-6.29938e+15
6.21314e+15
-6.20114e+15
6.2572e+15
-6.61772e+15
6.81218e+15
-7.24961e+15
7.46351e+15
-7.70278e+15
7.58731e+15
-7.18391e+15
6.94004e+15
-7.54651e+15
8.47295e+15
-9.69446e+15
1.10884e+16
-1.27918e+16
1.16818e+16
-9.44614e+15
8.74158e+15
-8.81342e+15
-6.37091e+15
4.66268e+15
5.63344e+15
-5.329e+15
6.22414e+15
-8.45445e+15
9.06543e+15
-8.01123e+15
7.18607e+15
-6.68156e+15
6.46149e+15
-6.3869e+15
6.39801e+15
-6.44018e+15
6.84066e+15
-6.99404e+15
7.46065e+15
-7.52874e+15
7.86503e+15
-7.90019e+15
7.41077e+15
-7.05543e+15
7.73599e+15
-8.73206e+15
9.87646e+15
-1.12715e+16
1.29835e+16
-1.18438e+16
9.57961e+15
-8.82969e+15
8.85945e+15
6.35411e+15
-4.65242e+15
-5.68539e+15
5.4111e+15
-6.35534e+15
8.57464e+15
-9.18727e+15
8.13522e+15
-7.31275e+15
6.8152e+15
-6.60235e+15
6.54398e+15
-6.58829e+15
6.61589e+15
-6.94837e+15
7.07052e+15
-7.61437e+15
7.70445e+15
-7.90602e+15
7.82227e+15
-7.42009e+15
7.18636e+15
-7.78986e+15
8.82777e+15
-1.00829e+16
1.14593e+16
-1.31528e+16
1.20288e+16
-9.76607e+15
8.95294e+15
-8.93346e+15
-6.34991e+15
4.67569e+15
5.65651e+15
-5.28067e+15
6.25619e+15
-8.36998e+15
8.95235e+15
-7.88905e+15
7.05431e+15
-6.54146e+15
6.32259e+15
-6.24365e+15
6.20568e+15
-6.32197e+15
6.46742e+15
-6.97878e+15
6.97331e+15
-7.25865e+15
7.39491e+15
-7.21968e+15
6.85532e+15
-6.77404e+15
7.37321e+15
-8.35049e+15
9.65115e+15
-1.1015e+16
1.27817e+16
-1.17274e+16
9.58032e+15
-8.72901e+15
8.87832e+15
6.39241e+15
5.08251e+15
-5.32585e+15
4.75363e+15
-5.66601e+15
7.50229e+15
-8.03819e+15
6.97461e+15
-6.14465e+15
5.62643e+15
-5.39225e+15
5.32145e+15
-5.31991e+15
5.46637e+15
-5.10808e+15
5.99782e+15
-5.83577e+15
6.15344e+15
-6.23487e+15
6.07764e+15
-5.68433e+15
5.47766e+15
-6.35714e+15
7.14207e+15
-8.12031e+15
9.57864e+15
-1.13433e+16
1.04094e+16
-8.61432e+15
7.88089e+15
-8.35933e+15
6.14805e+15
-4.2588e+15
4.57246e+15
-4.46103e+15
5.19161e+15
-6.6598e+15
7.16476e+15
-6.1404e+15
5.3581e+15
-4.87216e+15
4.66494e+15
-4.59404e+15
4.55191e+15
-4.65847e+15
4.69848e+15
-5.07241e+15
4.98866e+15
-5.26345e+15
5.35888e+15
-5.2056e+15
4.91909e+15
-4.80687e+15
5.01933e+15
-5.6965e+15
7.1922e+15
-8.35267e+15
9.81128e+15
-8.96385e+15
7.64064e+15
-7.21515e+15
7.25217e+15
3.9857e+15
-1.78061e+15
-3.79138e+15
3.55847e+15
-4.17585e+15
5.26165e+15
-5.76937e+15
4.8645e+15
-4.20408e+15
3.77943e+15
-3.59633e+15
3.54593e+15
-3.5625e+15
3.53776e+15
-3.63393e+15
3.79171e+15
-3.93137e+15
4.08746e+15
-4.17425e+15
4.05726e+15
-3.77784e+15
3.59838e+15
-3.96482e+15
4.52601e+15
-5.46121e+15
6.5708e+15
-7.8799e+15
7.05268e+15
-6.16155e+15
5.80014e+15
-5.88358e+15
-3.18716e+15
1.02491e+15
2.4559e+15
-2.81947e+15
3.41212e+15
-3.86541e+15
4.44994e+15
-3.85246e+15
3.36112e+15
-3.01468e+15
2.85893e+15
-2.80844e+15
2.78989e+15
-2.81418e+15
2.87069e+15
-2.94356e+15
3.13863e+15
-3.26011e+15
3.29768e+15
-3.23423e+15
3.05505e+15
-3.02656e+15
3.32286e+15
-3.75118e+15
4.19914e+15
-5.00935e+15
6.07167e+15
-5.33015e+15
4.95994e+15
-4.36968e+15
4.34412e+15
2.33897e+15
-2.0394e+15
-2.27273e+15
1.93194e+15
-2.14441e+15
3.12611e+15
-3.24355e+15
2.70534e+15
-2.3785e+15
2.1608e+15
-2.04093e+15
1.97576e+15
-1.94614e+15
1.96049e+15
-1.98623e+15
2.05204e+15
-2.16329e+15
2.24992e+15
-2.221e+15
2.15153e+15
-2.0015e+15
1.93572e+15
-1.93221e+15
2.33346e+15
-2.71994e+15
3.13418e+15
-3.90459e+15
3.70688e+15
-2.84227e+15
2.95399e+15
-2.89456e+15
-2.80813e+15
-1.85728e+15
-2.19722e+15
1.85809e+15
-2.02482e+15
2.96444e+15
-3.09271e+15
2.55161e+15
-2.23562e+15
2.03834e+15
-1.93192e+15
1.87154e+15
-1.8434e+15
1.85865e+15
-1.88488e+15
1.94829e+15
-2.05393e+15
2.13807e+15
-2.1084e+15
2.061e+15
-1.92161e+15
1.86218e+15
-1.85673e+15
2.23932e+15
-2.61241e+15
3.02066e+15
-3.77737e+15
3.57462e+15
-2.72787e+15
2.876e+15
-2.80813e+15
-2.11373e+15
