4.52564e-07
-1.00419e-06
2.24466e-05
-0.000142025
0.000567431
-0.00224691
0.00363561
-0.00598067
0.0068632
-0.00639943
0.00674162
-0.00489981
0.00522933
-0.00352981
0.00416948
-0.00303518
0.00416948
-0.00352981
0.00522933
-0.00489981
0.00674162
-0.00639943
0.0068632
-0.00598067
0.00363561
-0.00224691
0.000567431
-0.000142025
2.24466e-05
-1.00419e-06
4.52564e-07
-1.00419e-06
1.11811e-06
-7.96718e-05
0.000163749
-0.0015198
0.00274352
-0.00519866
0.00725181
-0.0061697
0.00677163
-0.00466044
0.0042642
-0.00293919
0.0023798
-0.00200464
0.00174797
-0.00200464
0.0023798
-0.00293919
0.0042642
-0.00466044
0.00677163
-0.0061697
0.00725181
-0.00519866
0.00274352
-0.0015198
0.000163749
-7.96718e-05
1.11811e-06
-1.00419e-06
2.24466e-05
-7.96718e-05
0.000156178
-0.0016776
0.00300063
-0.00520946
0.00719496
-0.00333069
0.00238832
-0.0010605
-0.00074473
-0.000429423
-0.00125287
-0.000507582
-0.00104378
-0.000591208
-0.00104378
-0.000507582
-0.00125287
-0.000429423
-0.00074473
-0.0010605
0.00238832
-0.00333069
0.00719496
-0.00520946
0.00300063
-0.0016776
0.000156178
-7.96718e-05
2.24466e-05
-0.000142025
0.000163749
-0.0016776
0.00321147
-0.00557981
0.00758754
-0.000986745
-0.00297538
0.00139936
-0.00346632
0.000284799
-0.000292739
-0.00105442
0.00178119
-0.00168248
0.00238933
-0.00168248
0.00178119
-0.00105442
-0.000292739
0.000284799
-0.00346632
0.00139936
-0.00297538
-0.000986745
0.00758754
-0.00557981
0.00321147
-0.0016776
0.000163749
-0.000142025
0.000567431
-0.0015198
0.00300063
-0.00557981
0.00775056
0.000379385
-0.0072658
0.00112712
9.34547e-05
-0.00114948
0.0044026
-0.00161028
0.00415957
-0.00131207
0.00332257
-0.00115789
0.00332257
-0.00131207
0.00415957
-0.00161028
0.0044026
-0.00114948
9.34547e-05
0.00112712
-0.0072658
0.000379385
0.00775056
-0.00557981
0.00300063
-0.0015198
0.000567431
-0.00224691
0.00274352
-0.00520946
0.00758754
0.000379385
-0.0089452
-2.81485e-05
0.00694271
-0.00173917
0.00369079
0.000388141
-0.00232394
0.00170748
-0.00458742
0.00194604
-0.00495385
0.00194604
-0.00458742
0.00170748
-0.00232394
0.000388141
0.00369079
-0.00173917
0.00694271
-2.81485e-05
-0.0089452
0.000379385
0.00758754
-0.00520946
0.00274352
-0.00224691
0.00363561
-0.00519866
0.00719496
-0.000986745
-0.0072658
-2.81485e-05
0.0103796
-0.000989612
-0.00464369
0.00258132
-0.00794577
0.00215943
-0.00397394
0.000599248
-0.0011002
-2.60349e-05
-0.0011002
0.000599248
-0.00397394
0.00215943
-0.00794577
0.00258132
-0.00464369
-0.000989612
0.0103796
-2.81485e-05
-0.0072658
-0.000986745
0.00719496
-0.00519866
0.00363561
-0.00598067
0.00725181
-0.00333069
-0.00297538
0.00112712
0.00694271
-0.000989612
-0.00996206
0.0028612
-0.00129767
-0.000305973
0.00649949
-0.00281471
0.00814639
-0.00345343
0.00806195
-0.00345343
0.00814639
-0.00281471
0.00649949
-0.000305973
-0.00129767
0.0028612
-0.00996206
-0.000989612
0.00694271
0.00112712
-0.00297538
-0.00333069
0.00725181
-0.00598067
0.0068632
-0.0061697
0.00238832
0.00139936
9.34547e-05
-0.00173917
-0.00464369
0.0028612
0.0052571
-0.0016384
0.00451828
-0.00283916
0.000385212
-0.00191423
-0.00182672
-0.00140461
-0.00182672
-0.00191423
0.000385212
-0.00283916
0.00451828
-0.0016384
0.0052571
0.0028612
-0.00464369
-0.00173917
9.34547e-05
0.00139936
0.00238832
-0.0061697
0.0068632
-0.00639943
0.00677163
-0.0010605
-0.00346632
-0.00114948
0.00369079
0.00258132
-0.00129767
-0.0016384
-0.00216008
-0.00198613
-0.000736397
-0.000652152
0.000397232
0.000122068
0.000747711
0.000122068
0.000397232
-0.000652152
-0.000736397
-0.00198613
-0.00216008
-0.0016384
-0.00129767
0.00258132
0.00369079
-0.00114948
-0.00346632
-0.0010605
0.00677163
-0.00639943
0.00674162
-0.00466044
-0.00074473
0.000284799
0.0044026
0.000388141
-0.00794577
-0.000305973
0.00451828
-0.00198613
0.00622657
-0.000837981
0.00265183
0.000409219
0.000274876
0.000819904
0.000274876
0.000409219
0.00265183
-0.000837981
0.00622657
-0.00198613
0.00451828
-0.000305973
-0.00794577
0.000388141
0.0044026
0.000284799
-0.00074473
-0.00466044
0.00674162
-0.00489981
0.0042642
-0.000429423
-0.000292739
-0.00161028
-0.00232394
0.00215943
0.00649949
-0.00283916
-0.000736397
-0.000837981
-0.00520485
0.00142655
-0.00554525
0.0021756
-0.00526641
0.0021756
-0.00554525
0.00142655
-0.00520485
-0.000837981
-0.000736397
-0.00283916
0.00649949
0.00215943
-0.00232394
-0.00161028
-0.000292739
-0.000429423
0.0042642
-0.00489981
0.00522933
-0.00293919
-0.00125287
-0.00105442
0.00415957
0.00170748
-0.00397394
-0.00281471
0.000385212
-0.000652152
0.00265183
0.00142655
0.00219795
0.00190731
0.00139024
0.00179777
0.00139024
0.00190731
0.00219795
0.00142655
0.00265183
-0.000652152
0.000385212
-0.00281471
-0.00397394
0.00170748
0.00415957
-0.00105442
-0.00125287
-0.00293919
0.00522933
-0.00352981
0.0023798
-0.000507582
0.00178119
-0.00131207
-0.00458742
0.000599248
0.00814639
-0.00191423
0.000397232
0.000409219
-0.00554525
0.00190731
-0.00675682
0.00184698
-0.00727494
0.00184698
-0.00675682
0.00190731
-0.00554525
0.000409219
0.000397232
-0.00191423
0.00814639
0.000599248
-0.00458742
-0.00131207
0.00178119
-0.000507582
0.0023798
-0.00352981
0.00416948
-0.00200464
-0.00104378
-0.00168248
0.00332257
0.00194604
-0.0011002
-0.00345343
-0.00182672
0.000122068
0.000274876
0.0021756
0.00139024
0.00184698
0.000354008
-0.00185782
0.000354008
0.00184698
0.00139024
0.0021756
0.000274876
0.000122068
-0.00182672
-0.00345343
-0.0011002
0.00194604
0.00332257
-0.00168248
-0.00104378
-0.00200464
0.00416948
-0.00303518
0.00174797
-0.000591208
0.00238933
-0.00115789
-0.00495385
-2.60349e-05
0.00806195
-0.00140461
0.000747711
0.000819904
-0.00526641
0.00179777
-0.00727494
-0.00185782
-0.0282705
-0.00185782
-0.00727494
0.00179777
-0.00526641
0.000819904
0.000747711
-0.00140461
0.00806195
-2.60349e-05
-0.00495385
-0.00115789
0.00238933
-0.000591208
0.00174797
-0.00303518
0.00416948
-0.00200464
-0.00104378
-0.00168248
0.00332257
0.00194604
-0.0011002
-0.00345343
-0.00182672
0.000122068
0.000274876
0.0021756
0.00139024
0.00184698
0.000354008
-0.00185782
0.000354008
0.00184698
0.00139024
0.0021756
0.000274876
0.000122068
-0.00182672
-0.00345343
-0.0011002
0.00194604
0.00332257
-0.00168248
-0.00104378
-0.00200464
0.00416948
-0.00352981
0.0023798
-0.000507582
0.00178119
-0.00131207
-0.00458742
0.000599248
0.00814639
-0.00191423
0.000397232
0.000409219
-0.00554525
0.00190731
-0.00675682
0.00184698
-0.00727494
0.00184698
-0.00675682
0.00190731
-0.00554525
0.000409219
0.000397232
-0.00191423
0.00814639
0.000599248
-0.00458742
-0.00131207
0.00178119
-0.000507582
0.0023798
-0.00352981
0.00522933
-0.00293919
-0.00125287
-0.00105442
0.00415957
0.00170748
-0.00397394
-0.00281471
0.000385212
-0.000652152
0.00265183
0.00142655
0.00219795
0.00190731
0.00139024
0.00179777
0.00139024
0.00190731
0.00219795
0.00142655
0.00265183
-0.000652152
0.000385212
-0.00281471
-0.00397394
0.00170748
0.00415957
-0.00105442
-0.00125287
-0.00293919
0.00522933
-0.00489981
0.0042642
-0.000429423
-0.000292739
-0.00161028
-0.00232394
0.00215943
0.00649949
-0.00283916
-0.000736397
-0.000837981
-0.00520485
0.00142655
-0.00554525
0.0021756
-0.00526641
0.0021756
-0.00554525
0.00142655
-0.00520485
-0.000837981
-0.000736397
-0.00283916
0.00649949
0.00215943
-0.00232394
-0.00161028
-0.000292739
-0.000429423
0.0042642
-0.00489981
0.00674162
-0.00466044
-0.00074473
0.000284799
0.0044026
0.000388141
-0.00794577
-0.000305973
0.00451828
-0.00198613
0.00622657
-0.000837981
0.00265183
0.000409219
0.000274876
0.000819904
0.000274876
0.000409219
0.00265183
-0.000837981
0.00622657
-0.00198613
0.00451828
-0.000305973
-0.00794577
0.000388141
0.0044026
0.000284799
-0.00074473
-0.00466044
0.00674162
-0.00639943
0.00677163
-0.0010605
-0.00346632
-0.00114948
0.00369079
0.00258132
-0.00129767
-0.0016384
-0.00216008
-0.00198613
-0.000736397
-0.000652152
0.000397232
0.000122068
0.000747711
0.000122068
0.000397232
-0.000652152
-0.000736397
-0.00198613
-0.00216008
-0.0016384
-0.00129767
0.00258132
0.00369079
-0.00114948
-0.00346632
-0.0010605
0.00677163
-0.00639943
0.0068632
-0.0061697
0.00238832
0.00139936
9.34547e-05
-0.00173917
-0.00464369
0.0028612
0.0052571
-0.0016384
0.00451828
-0.00283916
0.000385212
-0.00191423
-0.00182672
-0.00140461
-0.00182672
-0.00191423
0.000385212
-0.00283916
0.00451828
-0.0016384
0.0052571
0.0028612
-0.00464369
-0.00173917
9.34547e-05
0.00139936
0.00238832
-0.0061697
0.0068632
-0.00598067
0.00725181
-0.00333069
-0.00297538
0.00112712
0.00694271
-0.000989612
-0.00996206
0.0028612
-0.00129767
-0.000305973
0.00649949
-0.00281471
0.00814639
-0.00345343
0.00806195
-0.00345343
0.00814639
-0.00281471
0.00649949
-0.000305973
-0.00129767
0.0028612
-0.00996206
-0.000989612
0.00694271
0.00112712
-0.00297538
-0.00333069
0.00725181
-0.00598067
0.00363561
-0.00519866
0.00719496
-0.000986745
-0.0072658
-2.81485e-05
0.0103796
-0.000989612
-0.00464369
0.00258132
-0.00794577
0.00215943
-0.00397394
0.000599248
-0.0011002
-2.60349e-05
-0.0011002
0.000599248
-0.00397394
0.00215943
-0.00794577
0.00258132
-0.00464369
-0.000989612
0.0103796
-2.81485e-05
-0.0072658
-0.000986745
0.00719496
-0.00519866
0.00363561
-0.00224691
0.00274352
-0.00520946
0.00758754
0.000379385
-0.0089452
-2.81485e-05
0.00694271
-0.00173917
0.00369079
0.000388141
-0.00232394
0.00170748
-0.00458742
0.00194604
-0.00495385
0.00194604
-0.00458742
0.00170748
-0.00232394
0.000388141
0.00369079
-0.00173917
0.00694271
-2.81485e-05
-0.0089452
0.000379385
0.00758754
-0.00520946
0.00274352
-0.00224691
0.000567431
-0.0015198
0.00300063
-0.00557981
0.00775056
0.000379385
-0.0072658
0.00112712
9.34547e-05
-0.00114948
0.0044026
-0.00161028
0.00415957
-0.00131207
0.00332257
-0.00115789
0.00332257
-0.00131207
0.00415957
-0.00161028
0.0044026
-0.00114948
9.34547e-05
0.00112712
-0.0072658
0.000379385
0.00775056
-0.00557981
0.00300063
-0.0015198
0.000567431
-0.000142025
0.000163749
-0.0016776
0.00321147
-0.00557981
0.00758754
-0.000986745
-0.00297538
0.00139936
-0.00346632
0.000284799
-0.000292739
-0.00105442
0.00178119
-0.00168248
0.00238933
-0.00168248
0.00178119
-0.00105442
-0.000292739
0.000284799
-0.00346632
0.00139936
-0.00297538
-0.000986745
0.00758754
-0.00557981
0.00321147
-0.0016776
0.000163749
-0.000142025
2.24466e-05
-7.96718e-05
0.000156178
-0.0016776
0.00300063
-0.00520946
0.00719496
-0.00333069
0.00238832
-0.0010605
-0.00074473
-0.000429423
-0.00125287
-0.000507582
-0.00104378
-0.000591208
-0.00104378
-0.000507582
-0.00125287
-0.000429423
-0.00074473
-0.0010605
0.00238832
-0.00333069
0.00719496
-0.00520946
0.00300063
-0.0016776
0.000156178
-7.96718e-05
2.24466e-05
-1.00419e-06
1.11811e-06
-7.96718e-05
0.000163749
-0.0015198
0.00274352
-0.00519866
0.00725181
-0.0061697
0.00677163
-0.00466044
0.0042642
-0.00293919
0.0023798
-0.00200464
0.00174797
-0.00200464
0.0023798
-0.00293919
0.0042642
-0.00466044
0.00677163
-0.0061697
0.00725181
-0.00519866
0.00274352
-0.0015198
0.000163749
-7.96718e-05
1.11811e-06
-1.00419e-06
4.52564e-07
-1.00419e-06
2.24466e-05
-0.000142025
0.000567431
-0.00224691
0.00363561
-0.00598067
0.0068632
-0.00639943
0.00674162
-0.00489981
0.00522933
-0.00352981
0.00416948
-0.00303518
0.00416948
-0.00352981
0.00522933
-0.00489981
0.00674162
-0.00639943
0.0068632
-0.00598067
0.00363561
-0.00224691
0.000567431
-0.000142025
2.24466e-05
-1.00419e-06
4.52564e-07
