0.00100968
-0.00124899
0.00117003
-0.00138305
0.00114497
-0.00107196
0.00117264
-0.00125786
0.00108076
-0.0012871
0.00107962
-0.00126957
0.00120387
-0.00108376
0.00132518
-0.00106291
0.00132518
-0.00108376
0.00120387
-0.00126957
0.00107962
-0.0012871
0.00108076
-0.00125786
0.00117264
-0.00107196
0.00114497
-0.00138305
0.00117003
-0.00124899
0.00100968
-0.00124899
0.00127872
-0.00112846
0.00143669
-0.0010239
0.00122111
-0.00109392
0.001358
-0.00104617
0.00130924
-0.00112381
0.00130435
-0.00110197
0.00118638
-0.0012121
0.00113259
-0.0012121
0.00118638
-0.00110197
0.00130435
-0.00112381
0.00130924
-0.00104617
0.001358
-0.00109392
0.00122111
-0.0010239
0.00143669
-0.00112846
0.00127872
-0.00124899
0.00117003
-0.00112846
0.000995728
-0.00141417
0.000719886
-0.00151508
0.00087042
-0.00138414
0.000876041
-0.00124855
0.00110233
-0.00133196
0.00102198
-0.00153683
0.00123536
-0.0015121
0.00123536
-0.00153683
0.00102198
-0.00133196
0.00110233
-0.00124855
0.000876041
-0.00138414
0.00087042
-0.00151508
0.000719886
-0.00141417
0.000995728
-0.00112846
0.00117003
-0.00138305
0.00143669
-0.00141417
0.00173419
-0.00119722
0.00181479
-0.00132902
0.00177595
-0.00131267
0.00152948
-0.00158701
0.0014029
-0.00102502
0.00149719
-0.000830584
0.00129629
-0.000830584
0.00149719
-0.00102502
0.0014029
-0.00158701
0.00152948
-0.00131267
0.00177595
-0.00132902
0.00181479
-0.00119722
0.00173419
-0.00141417
0.00143669
-0.00138305
0.00114497
-0.0010239
0.000719886
-0.00119722
0.000769412
-0.0012522
0.000936493
-0.00130387
0.000788503
-0.00105477
0.00118215
-0.00117085
0.000927397
-0.00168785
0.00116916
-0.00166203
0.00116916
-0.00168785
0.000927397
-0.00117085
0.00118215
-0.00105477
0.000788503
-0.00130387
0.000936493
-0.0012522
0.000769412
-0.00119722
0.000719886
-0.0010239
0.00114497
-0.00107196
0.00122111
-0.00151508
0.00181479
-0.0012522
0.00234684
-0.00148304
0.00203041
-0.00160171
0.00172108
-0.00201216
0.001596
-0.00118484
0.00191017
-0.000883751
0.00164044
-0.000883751
0.00191017
-0.00118484
0.001596
-0.00201216
0.00172108
-0.00160171
0.00203041
-0.00148304
0.00234684
-0.0012522
0.00181479
-0.00151508
0.00122111
-0.00107196
0.00117264
-0.00109392
0.00087042
-0.00132902
0.000936493
-0.00148304
0.00107031
-0.00145832
0.000974491
-0.00114798
0.00137864
-0.00125505
0.000955089
-0.00172775
0.00109768
-0.00162965
0.00109768
-0.00172775
0.000955089
-0.00125505
0.00137864
-0.00114798
0.000974491
-0.00145832
0.00107031
-0.00148304
0.000936493
-0.00132902
0.00087042
-0.00109392
0.00117264
-0.00125786
0.001358
-0.00138414
0.00177595
-0.00130387
0.00203041
-0.00145832
0.00188286
-0.00144389
0.00158048
-0.00177525
0.0015099
-0.00108838
0.00165643
-0.000952688
0.00134903
-0.000952688
0.00165643
-0.00108838
0.0015099
-0.00177525
0.00158048
-0.00144389
0.00188286
-0.00145832
0.00203041
-0.00130387
0.00177595
-0.00138414
0.001358
-0.00125786
0.00108076
-0.00104617
0.000876041
-0.00131267
0.000788503
-0.00160171
0.000974491
-0.00144389
0.000839875
-0.00114467
0.00130351
-0.00127092
0.000934481
-0.00175375
0.00112211
-0.00162724
0.00112211
-0.00175375
0.000934481
-0.00127092
0.00130351
-0.00114467
0.000839875
-0.00144389
0.000974491
-0.00160171
0.000788503
-0.00131267
0.000876041
-0.00104617
0.00108076
-0.0012871
0.00130924
-0.00124855
0.00152948
-0.00105477
0.00172108
-0.00114798
0.00158048
-0.00114467
0.00135983
-0.00149512
0.00124931
-0.000927277
0.00141799
-0.000801444
0.00107309
-0.000801444
0.00141799
-0.000927277
0.00124931
-0.00149512
0.00135983
-0.00114467
0.00158048
-0.00114798
0.00172108
-0.00105477
0.00152948
-0.00124855
0.00130924
-0.0012871
0.00107962
-0.00112381
0.00110233
-0.00158701
0.00118215
-0.00201216
0.00137864
-0.00177525
0.00130351
-0.00149512
0.00150149
-0.00158311
0.00126167
-0.00196974
0.00145254
-0.00180613
0.00145254
-0.00196974
0.00126167
-0.00158311
0.00150149
-0.00149512
0.00130351
-0.00177525
0.00137864
-0.00201216
0.00118215
-0.00158701
0.00110233
-0.00112381
0.00107962
-0.00126957
0.00130435
-0.00133196
0.0014029
-0.00117085
0.001596
-0.00125505
0.0015099
-0.00127092
0.00124931
-0.00158311
0.00124277
-0.00108288
0.00142476
-0.000989917
0.00122586
-0.000989917
0.00142476
-0.00108288
0.00124277
-0.00158311
0.00124931
-0.00127092
0.0015099
-0.00125505
0.001596
-0.00117085
0.0014029
-0.00133196
0.00130435
-0.00126957
0.00120387
-0.00110197
0.00102198
-0.00102502
0.000927397
-0.00118484
0.000955089
-0.00108838
0.000934481
-0.000927277
0.00126167
-0.00108288
0.000825193
-0.00152067
0.000750854
-0.00167506
0.000750854
-0.00152067
0.000825193
-0.00108288
0.00126167
-0.000927277
0.000934481
-0.00108838
0.000955089
-0.00118484
0.000927397
-0.00102502
0.00102198
-0.00110197
0.00120387
-0.00108376
0.00118638
-0.00153683
0.00149719
-0.00168785
0.00191017
-0.00172775
0.00165643
-0.00175375
0.00141799
-0.00196974
0.00142476
-0.00152067
0.00152691
-0.00172209
0.000780464
-0.00172209
0.00152691
-0.00152067
0.00142476
-0.00196974
0.00141799
-0.00175375
0.00165643
-0.00172775
0.00191017
-0.00168785
0.00149719
-0.00153683
0.00118638
-0.00108376
0.00132518
-0.0012121
0.00123536
-0.000830584
0.00116916
-0.000883751
0.00109768
-0.000952688
0.00112211
-0.000801444
0.00145254
-0.000989917
0.000750854
-0.00172209
-0.000949808
-0.00522524
-0.000949808
-0.00172209
0.000750854
-0.000989917
0.00145254
-0.000801444
0.00112211
-0.000952688
0.00109768
-0.000883751
0.00116916
-0.000830584
0.00123536
-0.0012121
0.00132518
-0.00106291
0.00113259
-0.0015121
0.00129629
-0.00166203
0.00164044
-0.00162965
0.00134903
-0.00162724
0.00107309
-0.00180613
0.00122586
-0.00167506
0.000780464
-0.00522524
-0.0203914
-0.00522524
0.000780464
-0.00167506
0.00122586
-0.00180613
0.00107309
-0.00162724
0.00134903
-0.00162965
0.00164044
-0.00166203
0.00129629
-0.0015121
0.00113259
-0.00106291
0.00132518
-0.0012121
0.00123536
-0.000830584
0.00116916
-0.000883751
0.00109768
-0.000952688
0.00112211
-0.000801444
0.00145254
-0.000989917
0.000750854
-0.00172209
-0.000949808
-0.00522524
-0.000949808
-0.00172209
0.000750854
-0.000989917
0.00145254
-0.000801444
0.00112211
-0.000952688
0.00109768
-0.000883751
0.00116916
-0.000830584
0.00123536
-0.0012121
0.00132518
-0.00108376
0.00118638
-0.00153683
0.00149719
-0.00168785
0.00191017
-0.00172775
0.00165643
-0.00175375
0.00141799
-0.00196974
0.00142476
-0.00152067
0.00152691
-0.00172209
0.000780464
-0.00172209
0.00152691
-0.00152067
0.00142476
-0.00196974
0.00141799
-0.00175375
0.00165643
-0.00172775
0.00191017
-0.00168785
0.00149719
-0.00153683
0.00118638
-0.00108376
0.00120387
-0.00110197
0.00102198
-0.00102502
0.000927397
-0.00118484
0.000955089
-0.00108838
0.000934481
-0.000927277
0.00126167
-0.00108288
0.000825193
-0.00152067
0.000750854
-0.00167506
0.000750854
-0.00152067
0.000825193
-0.00108288
0.00126167
-0.000927277
0.000934481
-0.00108838
0.000955089
-0.00118484
0.000927397
-0.00102502
0.00102198
-0.00110197
0.00120387
-0.00126957
0.00130435
-0.00133196
0.0014029
-0.00117085
0.001596
-0.00125505
0.0015099
-0.00127092
0.00124931
-0.00158311
0.00124277
-0.00108288
0.00142476
-0.000989917
0.00122586
-0.000989917
0.00142476
-0.00108288
0.00124277
-0.00158311
0.00124931
-0.00127092
0.0015099
-0.00125505
0.001596
-0.00117085
0.0014029
-0.00133196
0.00130435
-0.00126957
0.00107962
-0.00112381
0.00110233
-0.00158701
0.00118215
-0.00201216
0.00137864
-0.00177525
0.00130351
-0.00149512
0.00150149
-0.00158311
0.00126167
-0.00196974
0.00145254
-0.00180613
0.00145254
-0.00196974
0.00126167
-0.00158311
0.00150149
-0.00149512
0.00130351
-0.00177525
0.00137864
-0.00201216
0.00118215
-0.00158701
0.00110233
-0.00112381
0.00107962
-0.0012871
0.00130924
-0.00124855
0.00152948
-0.00105477
0.00172108
-0.00114798
0.00158048
-0.00114467
0.00135983
-0.00149512
0.00124931
-0.000927277
0.00141799
-0.000801444
0.00107309
-0.000801444
0.00141799
-0.000927277
0.00124931
-0.00149512
0.00135983
-0.00114467
0.00158048
-0.00114798
0.00172108
-0.00105477
0.00152948
-0.00124855
0.00130924
-0.0012871
0.00108076
-0.00104617
0.000876041
-0.00131267
0.000788503
-0.00160171
0.000974491
-0.00144389
0.000839875
-0.00114467
0.00130351
-0.00127092
0.000934481
-0.00175375
0.00112211
-0.00162724
0.00112211
-0.00175375
0.000934481
-0.00127092
0.00130351
-0.00114467
0.000839875
-0.00144389
0.000974491
-0.00160171
0.000788503
-0.00131267
0.000876041
-0.00104617
0.00108076
-0.00125786
0.001358
-0.00138414
0.00177595
-0.00130387
0.00203041
-0.00145832
0.00188286
-0.00144389
0.00158048
-0.00177525
0.0015099
-0.00108838
0.00165643
-0.000952688
0.00134903
-0.000952688
0.00165643
-0.00108838
0.0015099
-0.00177525
0.00158048
-0.00144389
0.00188286
-0.00145832
0.00203041
-0.00130387
0.00177595
-0.00138414
0.001358
-0.00125786
0.00117264
-0.00109392
0.00087042
-0.00132902
0.000936493
-0.00148304
0.00107031
-0.00145832
0.000974491
-0.00114798
0.00137864
-0.00125505
0.000955089
-0.00172775
0.00109768
-0.00162965
0.00109768
-0.00172775
0.000955089
-0.00125505
0.00137864
-0.00114798
0.000974491
-0.00145832
0.00107031
-0.00148304
0.000936493
-0.00132902
0.00087042
-0.00109392
0.00117264
-0.00107196
0.00122111
-0.00151508
0.00181479
-0.0012522
0.00234684
-0.00148304
0.00203041
-0.00160171
0.00172108
-0.00201216
0.001596
-0.00118484
0.00191017
-0.000883751
0.00164044
-0.000883751
0.00191017
-0.00118484
0.001596
-0.00201216
0.00172108
-0.00160171
0.00203041
-0.00148304
0.00234684
-0.0012522
0.00181479
-0.00151508
0.00122111
-0.00107196
0.00114497
-0.0010239
0.000719886
-0.00119722
0.000769412
-0.0012522
0.000936493
-0.00130387
0.000788503
-0.00105477
0.00118215
-0.00117085
0.000927397
-0.00168785
0.00116916
-0.00166203
0.00116916
-0.00168785
0.000927397
-0.00117085
0.00118215
-0.00105477
0.000788503
-0.00130387
0.000936493
-0.0012522
0.000769412
-0.00119722
0.000719886
-0.0010239
0.00114497
-0.00138305
0.00143669
-0.00141417
0.00173419
-0.00119722
0.00181479
-0.00132902
0.00177595
-0.00131267
0.00152948
-0.00158701
0.0014029
-0.00102502
0.00149719
-0.000830584
0.00129629
-0.000830584
0.00149719
-0.00102502
0.0014029
-0.00158701
0.00152948
-0.00131267
0.00177595
-0.00132902
0.00181479
-0.00119722
0.00173419
-0.00141417
0.00143669
-0.00138305
0.00117003
-0.00112846
0.000995728
-0.00141417
0.000719886
-0.00151508
0.00087042
-0.00138414
0.000876041
-0.00124855
0.00110233
-0.00133196
0.00102198
-0.00153683
0.00123536
-0.0015121
0.00123536
-0.00153683
0.00102198
-0.00133196
0.00110233
-0.00124855
0.000876041
-0.00138414
0.00087042
-0.00151508
0.000719886
-0.00141417
0.000995728
-0.00112846
0.00117003
-0.00124899
0.00127872
-0.00112846
0.00143669
-0.0010239
0.00122111
-0.00109392
0.001358
-0.00104617
0.00130924
-0.00112381
0.00130435
-0.00110197
0.00118638
-0.0012121
0.00113259
-0.0012121
0.00118638
-0.00110197
0.00130435
-0.00112381
0.00130924
-0.00104617
0.001358
-0.00109392
0.00122111
-0.0010239
0.00143669
-0.00112846
0.00127872
-0.00124899
0.00100968
-0.00124899
0.00117003
-0.00138305
0.00114497
-0.00107196
0.00117264
-0.00125786
0.00108076
-0.0012871
0.00107962
-0.00126957
0.00120387
-0.00108376
0.00132518
-0.00106291
0.00132518
-0.00108376
0.00120387
-0.00126957
0.00107962
-0.0012871
0.00108076
-0.00125786
0.00117264
-0.00107196
0.00114497
-0.00138305
0.00117003
-0.00124899
0.00100968
