3.98188e+16
-7.0488e+16
5.37362e+16
-6.89741e+16
1.03831e+17
-9.76949e+16
8.31753e+16
-7.37417e+16
7.36648e+16
-7.58745e+16
7.74574e+16
-7.86733e+16
7.88721e+16
-7.86419e+16
7.89683e+16
-8.20681e+16
8.85276e+16
-9.20954e+16
8.98231e+16
-8.18028e+16
7.29281e+16
-6.96999e+16
7.19999e+16
-7.57078e+16
8.90857e+16
-1.07943e+17
1.15251e+17
-7.48719e+16
5.36069e+16
-7.49657e+16
3.1071e+16
-7.04881e+16
-1.04217e+17
7.74517e+16
-1.01569e+17
1.52622e+17
-1.4401e+17
1.23156e+17
-1.0919e+17
1.08542e+17
-1.1123e+17
1.12929e+17
-1.14246e+17
1.14129e+17
-1.13375e+17
1.13853e+17
-1.18349e+17
1.27142e+17
-1.32948e+17
1.29636e+17
-1.18196e+17
1.05735e+17
-1.01073e+17
1.04432e+17
-1.09304e+17
1.26987e+17
-1.52309e+17
1.61915e+17
-1.03544e+17
7.3463e+16
-1.06043e+17
-1.03811e+17
1.98481e+17
2.03258e+17
-1.76369e+17
2.53046e+17
-3.44149e+17
3.37019e+17
-3.08739e+17
2.76866e+17
-2.61448e+17
2.59747e+17
-2.61088e+17
2.62615e+17
-2.63195e+17
2.65679e+17
-2.74824e+17
2.84202e+17
-2.83878e+17
2.76651e+17
-2.57327e+17
2.30288e+17
-2.13668e+17
2.0529e+17
-1.99404e+17
2.0823e+17
-2.49036e+17
2.90126e+17
-3.09322e+17
2.30904e+17
-1.55187e+17
1.83196e+17
1.82115e+17
-2.63591e+17
-2.65238e+17
2.41859e+17
-3.402e+17
4.6755e+17
-4.48629e+17
4.02921e+17
-3.55632e+17
3.30871e+17
-3.27582e+17
3.29356e+17
-3.31119e+17
3.30434e+17
-3.31186e+17
3.38767e+17
-3.4674e+17
3.48409e+17
-3.42672e+17
3.14385e+17
-2.68895e+17
2.36256e+17
-2.23898e+17
2.2785e+17
-2.42075e+17
2.84928e+17
-3.37413e+17
3.69234e+17
-2.63385e+17
1.85304e+17
-2.40406e+17
-2.39013e+17
3.26927e+17
3.28946e+17
-2.99033e+17
4.12858e+17
-5.77732e+17
5.52936e+17
-6.83481e+17
4.9344e+17
-3.55844e+17
2.17639e+17
-1.5781e+17
1.3917e+17
-1.36321e+17
1.20079e+17
-1.26261e+17
1.37245e+17
-1.26198e+17
1.44132e+17
-1.89366e+17
2.62123e+17
-3.20386e+17
3.1094e+17
-3.05115e+17
3.44045e+17
-3.36513e+17
2.67049e+17
-9.41745e+16
1.32714e+17
-1.69187e+17
-7.79441e+16
3.0264e+17
-3.7975e+17
-2.84677e+17
5.32368e+17
-8.07869e+17
7.86134e+17
-9.65667e+17
8.24253e+17
-6.10529e+17
4.68629e+17
-3.208e+17
2.49466e+17
-2.26088e+17
2.18173e+17
-1.8564e+17
1.78337e+17
-1.86422e+17
1.82949e+17
1.00304e+17
-3.61457e+16
-1.3601e+17
3.56518e+17
-4.5992e+17
5.64068e+17
-6.50562e+17
4.55534e+17
-9.3714e+16
-3.3647e+17
2.23959e+16
1.12927e+17
5.63869e+17
-3.57523e+17
4.00493e+17
2.04544e+17
-8.10588e+17
1.3535e+18
-1.11309e+18
1.54149e+18
-1.32848e+18
9.51032e+17
-7.31957e+17
4.60604e+17
-3.1248e+17
2.6313e+17
-2.52498e+17
1.71276e+17
-9.82861e+16
1.06517e+17
-1.13305e+17
1.07223e+17
-1.07674e+17
2.2841e+17
-4.75183e+17
6.55712e+17
-8.33782e+17
9.49238e+17
-6.63402e+17
1.08716e+17
4.27839e+17
-8.18303e+16
-3.10737e+16
-5.99006e+17
3.86152e+17
-4.12001e+17
-2.12522e+17
7.59968e+17
-1.32045e+18
1.07284e+18
-1.52787e+18
1.36792e+18
-1.01851e+18
7.90358e+17
-4.92359e+17
3.41763e+17
-3.03834e+17
2.96261e+17
-2.33225e+17
1.94979e+17
-1.67463e+17
1.1836e+17
-1.32839e+17
1.95482e+17
-3.51399e+17
5.5869e+17
-6.55202e+17
8.06089e+17
-9.16582e+17
5.90836e+17
8.50985e+15
-5.56827e+17
1.93294e+17
-8.83848e+16
6.16228e+17
-4.03578e+17
4.14577e+17
2.02235e+17
-7.21134e+17
1.27782e+18
-1.01657e+18
1.48991e+18
-1.35924e+18
1.00883e+18
-7.53717e+17
4.26987e+17
-2.62431e+17
2.2148e+17
-2.15423e+17
1.54005e+17
-8.15537e+16
5.93769e+16
-2.6524e+16
1.91808e+16
-1.43136e+17
4.07551e+17
-6.11438e+17
6.05083e+17
-6.78978e+17
7.86526e+17
-5.15505e+17
-4.30506e+16
5.53153e+17
-1.724e+17
8.47123e+16
-6.13081e+17
4.07567e+17
-4.13271e+17
-1.98393e+17
7.063e+17
-1.25513e+18
1.01115e+18
-1.49482e+18
1.3323e+18
-9.40699e+17
6.98223e+17
-3.8829e+17
1.9098e+17
-1.15194e+17
1.02828e+17
-3.48517e+16
-4.47082e+16
5.96618e+16
-8.33199e+16
7.99549e+16
5.20019e+16
-3.14258e+17
5.36775e+17
-5.48875e+17
5.86455e+17
-8.09895e+17
7.01112e+17
-8.23119e+16
-5.20994e+17
1.41687e+17
-5.77728e+16
6.09181e+17
-4.05542e+17
4.13242e+17
1.9518e+17
-7.10026e+17
1.26061e+18
-1.0324e+18
1.54402e+18
-1.38368e+18
9.7558e+17
-7.41425e+17
4.35698e+17
-2.13429e+17
1.17752e+17
-1.01285e+17
4.98911e+16
1.4425e+16
-6.16663e+16
1.22892e+17
-8.28319e+16
-2.91883e+16
1.41139e+17
-3.5136e+17
5.09961e+17
-6.11452e+17
8.20134e+17
-6.96456e+17
7.19906e+16
5.20681e+17
-1.36966e+17
5.51438e+16
-6.2038e+17
4.06661e+17
-4.13432e+17
-1.99615e+17
7.26923e+17
-1.28647e+18
1.06851e+18
-1.6013e+18
1.4706e+18
-1.07099e+18
8.25963e+17
-5.24513e+17
3.22771e+17
-2.40317e+17
5.58135e+18
-5.81953e+18
6.17092e+18
-6.47689e+18
6.8719e+18
-7.22982e+18
6.8996e+18
-5.44655e+18
3.58431e+18
-2.61948e+18
2.43309e+18
-2.86761e+18
6.01563e+18
-1.11484e+19
1.4822e+19
-1.03682e+19
7.91126e+18
-8.33227e+18
-4.08508e+17
4.13009e+17
3.8779e+18
-1.58794e+18
1.36951e+18
-4.93116e+18
2.87206e+18
-2.46124e+18
3.04921e+18
-3.45874e+18
4.26932e+18
-4.96559e+18
5.33237e+18
-5.45118e+18
5.71097e+18
-6.06176e+18
6.35913e+18
-6.85292e+18
7.49758e+18
-7.2311e+18
5.45561e+18
-3.43515e+18
2.56325e+18
-2.45028e+18
3.02652e+18
-6.27945e+18
1.13433e+19
-1.49075e+19
1.04702e+19
-8.00205e+18
8.35512e+18
4.09144e+17
-4.1308e+17
-3.87168e+18
1.58668e+18
-1.37761e+18
4.94383e+18
-2.89707e+18
2.49582e+18
-3.08828e+18
3.51043e+18
-4.33688e+18
5.05594e+18
-5.4467e+18
5.57531e+18
-5.83953e+18
6.20253e+18
-6.56708e+18
7.13088e+18
-7.61162e+18
7.05499e+18
-5.28078e+18
3.45116e+18
-2.6248e+18
2.45377e+18
-2.96404e+18
6.14122e+18
-1.12009e+19
1.48282e+19
-1.04564e+19
7.9999e+18
-8.33059e+18
-4.0901e+17
-5.14519e+17
3.8829e+18
-1.62862e+18
1.45223e+18
-5.03563e+18
3.00812e+18
-2.62707e+18
3.22265e+18
-3.63428e+18
4.46818e+18
-5.21351e+18
5.61812e+18
-5.74685e+18
5.99772e+18
-6.34623e+18
6.75138e+18
-7.37449e+18
7.75056e+18
-7.01827e+18
5.26789e+18
-3.53764e+18
2.66792e+18
-2.40518e+18
2.89486e+18
-6.05155e+18
1.10673e+19
-1.47009e+19
1.03501e+19
-7.92301e+18
8.28177e+18
5.6069e+18
-2.71287e+18
-3.89571e+18
1.66644e+18
-1.51046e+18
5.10123e+18
-3.07706e+18
2.69777e+18
-3.2869e+18
3.68977e+18
-4.53045e+18
5.28843e+18
-5.69398e+18
5.82185e+18
-6.06773e+18
6.39734e+18
-6.77365e+18
7.40354e+18
-7.90464e+18
7.21091e+18
-5.26344e+18
3.43107e+18
-2.63358e+18
2.39104e+18
-2.87562e+18
6.03887e+18
-1.10272e+19
1.46452e+19
-1.0281e+19
-2.35085e+19
1.48125e+19
-5.5926e+18
2.71196e+18
8.19039e+18
-4.5815e+19
6.61652e+19
-9.36019e+19
9.3905e+19
-9.05984e+19
7.35135e+19
-5.34728e+19
3.6728e+19
-2.40695e+19
1.7587e+19
-1.42162e+19
1.16043e+19
-9.16643e+18
5.49114e+18
2.29007e+17
1.46871e+18
-1.0912e+19
2.06727e+19
-3.02078e+19
3.80301e+19
-4.22753e+19
3.49643e+19
-9.41093e+18
-3.08146e+19
5.27952e+19
-6.3895e+19
5.52291e+19
-3.81256e+19
5.5892e+18
-2.70572e+18
-1.07446e+19
6.89913e+19
-1.0039e+20
1.40559e+20
-1.8918e+20
1.83695e+20
-1.49789e+20
1.09969e+20
-7.60205e+19
5.03627e+19
-3.74181e+19
3.07384e+19
-2.5341e+19
2.00164e+19
-1.24319e+19
7.57596e+17
-5.24611e+17
1.60964e+19
-3.76562e+19
5.89155e+19
-7.47081e+19
8.34623e+19
-6.82588e+19
1.305e+19
7.3963e+19
-1.22469e+20
1.40358e+20
-1.19758e+20
8.52083e+19
-5.57798e+18
2.7056e+18
1.3165e+19
-9.19353e+19
1.34356e+20
-1.87287e+20
1.91072e+20
-1.85929e+20
1.52446e+20
-1.12982e+20
7.9258e+19
-5.38912e+19
4.13638e+19
-3.4979e+19
2.96773e+19
-2.44387e+19
1.70641e+19
-5.12944e+18
2.44096e+18
-1.51182e+19
3.63559e+19
-5.88424e+19
7.56938e+19
-8.48497e+19
6.96828e+19
-1.41531e+19
-7.348e+19
1.22564e+20
-1.41202e+20
1.20031e+20
-8.53826e+19
5.57473e+18
-2.71464e+18
-1.24992e+19
9.02602e+19
-1.32079e+20
1.845e+20
-1.87842e+20
1.82284e+20
-1.48345e+20
1.08307e+20
-7.39104e+19
4.79701e+19
-3.50573e+19
2.82124e+19
-2.28346e+19
1.84958e+19
-1.20175e+19
7.80062e+17
-6.24654e+17
1.59366e+19
-3.69205e+19
5.84917e+19
-7.5373e+19
8.43732e+19
-6.93369e+19
1.46469e+19
7.20305e+19
-1.20647e+20
1.39895e+20
-1.19034e+20
8.51401e+19
-5.56022e+18
2.72233e+18
1.17583e+19
-8.85305e+19
1.29484e+20
-1.81176e+20
1.83979e+20
-1.7794e+20
1.43367e+20
-1.02451e+20
6.70943e+19
-4.0453e+19
2.65712e+19
-1.85651e+19
1.22672e+19
-8.30854e+18
4.62659e+18
2.08848e+18
2.62841e+18
-2.11385e+19
4.27454e+19
-6.21129e+19
7.53333e+19
-8.22284e+19
6.71728e+19
-1.36472e+19
-7.15417e+19
1.19064e+20
-1.38272e+20
1.17831e+20
-8.47288e+19
5.52259e+18
-2.72196e+18
-1.17185e+19
8.87016e+19
-1.29547e+20
1.81327e+20
-1.84342e+20
1.78549e+20
-1.44004e+20
1.02802e+20
-6.71877e+19
4.05154e+19
-2.45335e+19
1.3458e+19
-5.53348e+18
2.66698e+18
-4.40256e+18
3.24482e+18
-1.04513e+19
2.98004e+19
-5.08954e+19
6.75574e+19
-7.73661e+19
8.21227e+19
-6.5977e+19
1.19731e+19
7.32938e+19
-1.20576e+20
1.39555e+20
-1.18307e+20
8.49889e+19
-5.51083e+18
2.71383e+18
1.2513e+19
-9.08004e+19
1.3243e+20
-1.85198e+20
1.89207e+20
-1.84369e+20
1.50542e+20
-1.09805e+20
7.46105e+19
-4.79783e+19
3.08643e+19
-1.68163e+19
7.73807e+18
-7.99917e+18
1.29255e+19
-1.32272e+19
1.97403e+19
-3.7289e+19
5.64452e+19
-7.15643e+19
8.1742e+19
-8.63637e+19
6.8602e+19
-1.22187e+19
-7.56235e+19
1.2448e+20
-1.43517e+20
1.20702e+20
-8.62612e+19
3.27814e+19
-7.26766e+17
-1.43333e+19
9.31911e+19
-1.35949e+20
1.89409e+20
-1.94163e+20
1.89885e+20
-1.56431e+20
1.1603e+20
-8.09295e+19
5.40463e+19
-3.80071e+19
2.3405e+19
-1.28712e+19
1.49501e+19
-2.02369e+19
2.00687e+19
-2.48877e+19
3.96491e+19
-5.87581e+19
7.51812e+19
-8.60677e+19
9.16601e+19
-7.51043e+19
1.82128e+19
7.16079e+19
-1.22693e+20
1.42763e+20
-1.20549e+20
8.53191e+19
-3.25177e+19
1.87245e+17
1.58421e+19
-9.02626e+19
1.32608e+20
-1.8408e+20
1.88087e+20
-1.8298e+20
1.48827e+20
-1.08068e+20
7.24848e+19
-4.54011e+19
3.01316e+19
-1.89209e+19
9.99689e+18
-8.57257e+18
1.1444e+19
-1.23129e+19
1.9584e+19
-3.70643e+19
5.73496e+19
-7.40187e+19
8.48034e+19
-9.1437e+19
7.85917e+19
-2.77294e+19
-5.7575e+19
1.0829e+20
-1.29861e+20
1.13043e+20
-7.84351e+19
3.03558e+19
-3.35114e+17
-1.41188e+19
7.87512e+19
-1.16203e+20
1.61986e+20
-1.64189e+20
1.57725e+20
-1.23326e+20
8.32609e+19
-4.81445e+19
2.13794e+19
-6.93481e+18
-2.21809e+17
5.50006e+18
-9.80302e+18
1.06798e+19
-1.04189e+19
2.95128e+18
2.08154e+19
-4.84307e+19
6.62283e+19
-7.68916e+19
8.30629e+19
-7.26219e+19
3.13e+19
4.25898e+19
-8.77468e+19
1.08667e+20
-9.85772e+19
6.77605e+19
-2.66854e+19
-2.65348e+17
1.41026e+19
-7.18791e+19
1.04512e+20
-1.4501e+20
1.47393e+20
-1.41071e+20
1.08729e+20
-7.18371e+19
3.91199e+19
-1.37998e+19
1.36001e+18
4.9563e+18
-9.84309e+18
1.19473e+19
-1.31028e+19
1.33905e+19
-6.84436e+18
-1.63204e+19
4.51661e+19
-6.28459e+19
7.09485e+19
-7.50529e+19
6.52655e+19
-2.96615e+19
-3.22421e+19
6.98234e+19
-8.71979e+19
8.076e+19
-5.6336e+19
-5.06836e+19
-1.40422e+19
-1.52489e+19
6.72985e+19
-9.96455e+19
1.3357e+20
-1.38484e+20
1.34447e+20
-1.06818e+20
7.52548e+19
-4.69393e+19
2.50013e+19
-1.4102e+19
8.37736e+18
-3.53789e+18
1.62615e+18
-1.08091e+18
1.16836e+18
-6.73173e+18
2.30585e+19
-4.28257e+19
5.54372e+19
-6.19078e+19
6.55256e+19
-5.67845e+19
2.74428e+19
2.50992e+19
-5.83837e+19
7.02029e+19
-6.5985e+19
4.49674e+19
4.46439e+19
1.70232e+19
1.7127e+19
-6.14149e+19
9.35807e+19
-1.2182e+20
1.28821e+20
-1.27433e+20
1.07111e+20
-8.2896e+19
6.05529e+19
-4.36745e+19
3.42324e+19
-2.99722e+19
2.69581e+19
-2.32588e+19
2.261e+19
-2.37453e+19
2.66601e+19
-3.30254e+19
3.97877e+19
-4.45959e+19
4.84805e+19
-5.32336e+19
5.00836e+19
-3.03428e+19
-1.11765e+19
4.03468e+19
-4.92671e+19
4.71944e+19
-3.06821e+19
-3.04606e+19
-1.7283e+19
-1.73913e+19
4.5618e+19
-6.61413e+19
9.10523e+19
-9.57302e+19
9.46295e+19
-8.34547e+19
6.90888e+19
-5.5112e+19
4.44631e+19
-3.84197e+19
3.58068e+19
-3.39639e+19
3.13394e+19
-3.10307e+19
3.18899e+19
-3.30443e+19
3.18483e+19
-2.96189e+19
2.98538e+19
-3.07534e+19
3.48651e+19
-3.562e+19
2.41754e+19
-2.62294e+16
-1.70913e+19
2.60821e+19
-2.38265e+19
1.43596e+19
1.42527e+19
-1.6399e+19
-1.7283e+19
4.53174e+19
-6.57049e+19
9.04564e+19
-9.50996e+19
9.40055e+19
-8.2905e+19
6.8635e+19
-5.47524e+19
4.41751e+19
-3.8172e+19
3.55767e+19
-3.37464e+19
3.11392e+19
-3.0833e+19
3.16868e+19
-3.28335e+19
3.16452e+19
-2.94297e+19
2.96627e+19
-3.05564e+19
3.46402e+19
-3.53891e+19
2.40237e+19
-4.0639e+16
-1.69578e+19
2.58955e+19
-2.36605e+19
1.42527e+19
1.33593e+19
