0.367879
0.367879
0.375176
0.389044
0.408102
0.430433
0.453767
0.475682
0.493826
0.506128
0.510974
0.507342
0.494863
0.473833
0.44514
0.410155
0.370576
0.328259
0.285049
0.242637
0.202444
0.165559
0.132638
0.104289
0.0802302
0.0606282
0.044771
0.0325337
0.0230425
0.0161214
0.0109305
0.00738517
0.00477001
0.00313705
0.00190471
0.0012464
0.000684057
0.000475172
0.000207156
0.000186513
3.61168e-05
8.7293e-05
-2.02382e-05
5.5951e-05
-3.73073e-05
4.68475e-05
-4.20623e-05
4.44149e-05
-4.32812e-05
4.38167e-05
-4.34562e-05
4.38167e-05
-4.32812e-05
4.44149e-05
-4.20623e-05
4.68475e-05
-3.73073e-05
5.5951e-05
-2.02382e-05
8.7293e-05
3.61168e-05
0.000186513
0.000207156
0.000475172
0.000684057
0.0012464
0.00190471
0.00313705
0.00477001
0.00738517
0.0109305
0.0161214
0.0230425
0.0325337
0.044771
0.0606282
0.0802302
0.104289
0.132638
0.165559
0.202321
0.242537
0.284755
0.327871
0.369805
0.408996
0.443148
0.470783
0.490006
0.500044
0.499956
0.490093
0.470696
0.443235
0.408909
0.369892
0.327784
0.284842
0.24245
0.202408
0.165472
0.132726
0.104202
0.0803175
0.0605409
0.0448583
0.0324464
0.0231298
0.0160341
0.0110178
0.00729788
0.0048573
0.00304975
0.00199201
0.0011591
0.00077135
0.000387879
0.000294449
9.92201e-05
0.00012341
0
0
0
0
0
0
0
0
0
0
0
0
0
0
0
0
0
0
0
0
0
0
0
0
0
0
0
0
0
0
0
0
0
0
0
0
0
0
0
0
0
0
0
0
0
0
0
0
0
0
0
0
0
0
0
0
0
0
0
0
0
0
0
0
0
0
0
0
0
0
0
0
0
0
0
0
0
0
0
0
